16 0.5402777777777777 0.5463215258855586 0.15555555555555556 0.07901907356948229
32 0.54375 0.48365122615803813 0.5513888888888889 0.5258855585831063
32 0.9194444444444444 0.3072207084468665 0.16111111111111112 0.15122615803814715
32 0.7986111111111112 0.26975476839237056 0.1 0.09809264305177112
32 0.059722222222222225 0.2615803814713896 0.11944444444444445 0.1226158038147139
32 0.21944444444444444 0.2391008174386921 0.12777777777777777 0.09400544959128065
32 0.3486111111111111 0.2391008174386921 0.06111111111111111 0.05858310626702997
32 0.8145833333333333 0.20299727520435967 0.08472222222222223 0.051771117166212535
32 0.6395833333333333 0.20027247956403268 0.08194444444444444 0.035422343324250684
32 0.9527777777777777 0.2997275204359673 0.04722222222222222 0.021798365122615803
22 0.5993055555555555 0.5613079019073569 0.020833333333333332 0.02452316076294278
23 0.5756944444444444 0.5613079019073569 0.020833333333333332 0.02997275204359673
23 0.5534722222222223 0.5592643051771117 0.018055555555555554 0.02861035422343324
5 0.5291666666666667 0.5565395095367848 0.016666666666666666 0.031335149863760216
1 0.5131944444444444 0.55858310626703 0.015277777777777777 0.0326975476839237
0 0.49444444444444446 0.5572207084468664 0.011111111111111112 0.035422343324250684
6 0.4791666666666667 0.555858310626703 0.016666666666666666 0.027247956403269755