16 0.54375 0.7993055555555556 0.16875 0.10416666666666667
32 0.5552083333333333 0.5055555555555555 0.6666666666666666 0.8
32 0.7776041666666667 0.12777777777777777 0.042708333333333334 0.03888888888888889
32 0.8895833333333333 0.12430555555555556 0.05416666666666667 0.0375
23 0.6072916666666667 0.8159722222222222 0.022916666666666665 0.034722222222222224
22 0.5828125 0.8180555555555555 0.023958333333333335 0.022222222222222223
17 0.5567708333333333 0.8138888888888889 0.017708333333333333 0.030555555555555555
8 0.47552083333333334 0.8118055555555556 0.015625 0.034722222222222224
1 0.5286458333333334 0.8118055555555556 0.013541666666666667 0.034722222222222224
2 0.5104166666666666 0.8131944444444444 0.016666666666666666 0.03194444444444444
3 0.49270833333333336 0.8118055555555556 0.014583333333333334 0.034722222222222224