16 0.5244791666666667 0.5388888888888889 0.13645833333333332 0.09444444444444444
32 0.521875 0.4666666666666667 0.5791666666666667 0.625
32 0.09895833333333333 0.14305555555555555 0.04791666666666667 0.041666666666666664
32 0.234375 0.14930555555555555 0.029166666666666667 0.03194444444444444
32 0.29739583333333336 0.14652777777777778 0.017708333333333333 0.02361111111111111
32 0.17864583333333334 0.13055555555555556 0.023958333333333335 0.03888888888888889
32 0.14166666666666666 0.1361111111111111 0.029166666666666667 0.022222222222222223
23 0.5770833333333333 0.5513888888888889 0.01875 0.03333333333333333
22 0.5567708333333333 0.5541666666666667 0.019791666666666666 0.027777777777777776
17 0.5390625 0.5541666666666667 0.013541666666666667 0.03611111111111111
1 0.5145833333333333 0.5486111111111112 0.014583333333333334 0.041666666666666664
2 0.49895833333333334 0.5493055555555556 0.014583333333333334 0.0375
3 0.484375 0.5513888888888889 0.0125 0.041666666666666664
8 0.46979166666666666 0.5513888888888889 0.0125 0.03888888888888889