16 0.46145833333333336 0.7826388888888889 0.13541666666666666 0.10138888888888889
32 0.5020833333333333 0.42291666666666666 0.6375 0.8430555555555556
32 0.8989583333333333 0.21458333333333332 0.20208333333333334 0.14305555555555555
32 0.9583333333333334 0.3923611111111111 0.08333333333333333 0.28194444444444444
32 0.09895833333333333 0.4423611111111111 0.18958333333333333 0.5430555555555555
21 0.5130208333333334 0.8041666666666667 0.019791666666666666 0.022222222222222223
19 0.49322916666666666 0.7993055555555556 0.019791666666666666 0.034722222222222224
34 0.4734375 0.7979166666666667 0.013541666666666667 0.02361111111111111
0 0.4515625 0.79375 0.011458333333333333 0.034722222222222224
0 0.4359375 0.7930555555555555 0.007291666666666667 0.03333333333333333
3 0.42239583333333336 0.7895833333333333 0.013541666666666667 0.03194444444444444
1 0.4078125 0.7881944444444444 0.011458333333333333 0.034722222222222224