16 0.4895833333333333 0.74375 0.14375 0.09861111111111111
32 0.4796875 0.5055555555555555 0.7427083333333333 0.9888888888888889
21 0.5453125 0.7597222222222222 0.021875 0.030555555555555555
19 0.5229166666666667 0.7583333333333333 0.022916666666666665 0.041666666666666664
34 0.5005208333333333 0.7597222222222222 0.017708333333333333 0.03333333333333333
0 0.47708333333333336 0.7611111111111111 0.008333333333333333 0.041666666666666664
0 0.4625 0.7604166666666666 0.0125 0.0375
3 0.44375 0.7597222222222222 0.010416666666666666 0.044444444444444446
1 0.4270833333333333 0.7576388888888889 0.014583333333333334 0.04583333333333333
32 0.9229166666666667 0.5798611111111112 0.15416666666666667 0.4375
32 0.059375 0.5402777777777777 0.11875 0.3277777777777778