16 0.45729166666666665 0.8006944444444445 0.13958333333333334 0.10138888888888889
32 0.4973958333333333 0.42430555555555555 0.6239583333333333 0.8430555555555556
32 0.09427083333333333 0.4597222222222222 0.18854166666666666 0.5416666666666666
32 0.9604166666666667 0.4013888888888889 0.07916666666666666 0.28055555555555556
21 0.5088541666666667 0.8208333333333333 0.019791666666666666 0.027777777777777776
19 0.4869791666666667 0.8173611111111111 0.019791666666666666 0.0375
34 0.46822916666666664 0.8152777777777778 0.011458333333333333 0.03333333333333333
0 0.4453125 0.8111111111111111 0.013541666666666667 0.03888888888888889
0 0.4322916666666667 0.8076388888888889 0.010416666666666666 0.034722222222222224
3 0.41822916666666665 0.8055555555555556 0.013541666666666667 0.03611111111111111
1 0.40260416666666665 0.8020833333333334 0.015625 0.04027777777777778