16 0.5402777777777777 0.6375 0.1638888888888889 0.05416666666666667
32 0.5583333333333333 0.47604166666666664 0.7 0.45208333333333334
32 0.3486111111111111 0.2838541666666667 0.1111111111111111 0.065625
32 0.11319444444444444 0.2708333333333333 0.1986111111111111 0.06875
34 0.6048611111111111 0.6494791666666667 0.02361111111111111 0.019791666666666666
12 0.5805555555555556 0.646875 0.022222222222222223 0.020833333333333332
19 0.5534722222222223 0.6489583333333333 0.02638888888888889 0.025
4 0.5298611111111111 0.6484375 0.015277777777777777 0.019791666666666666
2 0.5125 0.6458333333333334 0.019444444444444445 0.022916666666666665
3 0.49236111111111114 0.6453125 0.020833333333333332 0.030208333333333334
9 0.47430555555555554 0.6473958333333333 0.018055555555555554 0.026041666666666668
16 0.35694444444444445 0.30833333333333335 0.025 0.010416666666666666