16 0.6115151515151516 0.6175757575757576 0.15393939393939393 0.08121212121212121
32 0.56 0.5236363636363637 0.8412121212121212 0.7539393939393939
34 0.673939393939394 0.6339393939393939 0.019393939393939394 0.02909090909090909
34 0.6509090909090909 0.6345454545454545 0.014545454545454545 0.020606060606060607
34 0.6266666666666667 0.6333333333333333 0.014545454545454545 0.027878787878787878
5 0.6012121212121212 0.6303030303030303 0.01696969696969697 0.03151515151515152
5 0.5836363636363636 0.6327272727272727 0.01575757575757576 0.03393939393939394
5 0.5666666666666667 0.6309090909090909 0.01575757575757576 0.03272727272727273
5 0.5496969696969697 0.6309090909090909 0.013333333333333334 0.03272727272727273
32 0.09272727272727273 0.5163636363636364 0.06666666666666667 0.20363636363636364
32 0.03939393939393939 0.48303030303030303 0.07878787878787878 0.1296969696969697