16 0.5638020833333334 0.38671875 0.20572916666666666 0.109375
32 0.5234375 0.318359375 0.8125 0.62890625
32 0.046875 0.20963541666666666 0.09375 0.4036458333333333
32 0.14518229166666666 0.07747395833333333 0.14453125 0.13411458333333334
32 0.8828125 0.15104166666666666 0.234375 0.3020833333333333
18 0.642578125 0.3958333333333333 0.024739583333333332 0.036458333333333336
22 0.61328125 0.3990885416666667 0.028645833333333332 0.032552083333333336
20 0.5865885416666666 0.40234375 0.022135416666666668 0.026041666666666668
1 0.5546875 0.4036458333333333 0.0234375 0.044270833333333336
1 0.533203125 0.40625 0.01953125 0.044270833333333336
1 0.5104166666666666 0.4055989583333333 0.0234375 0.04296875
1 0.4895833333333333 0.4075520833333333 0.0234375 0.046875