16 0.39928057553956836 0.59185303514377 0.1486810551558753 0.12939297124600638
32 0.5815347721822542 0.5950479233226837 0.7649880095923262 0.7364217252396166
17 0.44184652278177455 0.6182108626198083 0.022781774580335732 0.051118210862619806
17 0.4184652278177458 0.6150159744408946 0.014388489208633094 0.04792332268370607
5 0.38669064748201437 0.6094249201277955 0.015587529976019185 0.052715654952076675
5 0.37110311750599523 0.6078274760383386 0.013189448441247002 0.04952076677316294
5 0.35551558752997603 0.604632587859425 0.013189448441247002 0.0463258785942492
32 0.34172661870503596 0.6014376996805112 0.014388489208633094 0.04952076677316294
32 0.0671462829736211 0.4480830670926518 0.12470023980815348 0.06549520766773163
32 0.19724220623501199 0.41373801916932906 0.1474820143884892 0.09584664536741214
32 0.9394484412470024 0.384185303514377 0.0803357314148681 0.15175718849840256