16 0.4803729146221786 0.7205497382198953 0.15014720314033367 0.10863874345549739
32 0.4170755642787046 0.556282722513089 0.6987242394504416 0.725130890052356
25 0.5368007850834151 0.7349476439790575 0.021589793915603533 0.03534031413612566
37 0.5137389597644749 0.7342931937172775 0.020608439646712464 0.03926701570680628
15 0.49509322865554467 0.7336387434554974 0.016683022571148183 0.03534031413612566
4 0.47252208047105004 0.7382198952879581 0.012757605495583905 0.028795811518324606
4 0.4533856722276742 0.7382198952879581 0.013738959764474975 0.034031413612565446
4 0.43866535819430813 0.7401832460732984 0.013738959764474975 0.032722513089005235
4 0.4210009813542689 0.7401832460732984 0.013738959764474975 0.030104712041884817
32 0.8532875368007851 0.375 0.23061825318940138 0.11649214659685864
32 0.7188420019627085 0.3612565445026178 0.042198233562315994 0.09424083769633508