16 0.3748251748251748 0.6657342657342658 0.15384615384615385 0.07552447552447553
32 0.47482517482517483 0.44125874125874126 0.66993006993007 0.5748251748251748
32 0.2083916083916084 0.2636363636363636 0.27972027972027974 0.16643356643356644
32 0.9636363636363636 0.34685314685314683 0.07272727272727272 0.27692307692307694
32 0.8888111888111888 0.2111888111888112 0.22237762237762237 0.18181818181818182
32 0.044755244755244755 0.34545454545454546 0.08951048951048951 0.1258741258741259
11 0.42937062937062936 0.6762237762237763 0.013986013986013986 0.02937062937062937
15 0.4111888111888112 0.6755244755244755 0.013986013986013986 0.027972027972027972
25 0.3895104895104895 0.6748251748251748 0.01818181818181818 0.02097902097902098
8 0.3622377622377622 0.6741258741258741 0.013986013986013986 0.027972027972027972
8 0.34335664335664334 0.6713286713286714 0.012587412587412588 0.03076923076923077
8 0.3293706293706294 0.6713286713286714 0.015384615384615385 0.027972027972027972