16 0.063 0.5273333333333333 0.046 0.030666666666666665
16 0.3635 0.518 0.045 0.03333333333333333
16 0.6375 0.528 0.043 0.034666666666666665
16 0.9395 0.5253333333333333 0.043 0.032
32 0.144 0.4706666666666667 0.288 0.22133333333333333
32 0.3705 0.46266666666666667 0.199 0.22666666666666666
32 0.62 0.4613333333333333 0.176 0.21066666666666667
32 0.8845 0.468 0.213 0.17333333333333334
32 0.9445 0.3893333333333333 0.111 0.16533333333333333
24 0.079 0.5326666666666666 0.006 0.009333333333333334
23 0.073 0.534 0.006 0.012
18 0.066 0.5333333333333333 0.006 0.010666666666666666
5 0.0465 0.5313333333333333 0.005 0.012
5 0.051 0.532 0.004 0.013333333333333334
5 0.0545 0.5313333333333333 0.005 0.012
5 0.0595 0.5313333333333333 0.005 0.012
17 0.378 0.5206666666666667 0.005 0.012
19 0.3715 0.522 0.005 0.009333333333333334
20 0.365 0.522 0.004 0.009333333333333334
5 0.3455 0.52 0.003 0.010666666666666666
5 0.3495 0.5213333333333333 0.003 0.010666666666666666
5 0.354 0.5206666666666667 0.004 0.012
5 0.3585 0.5213333333333333 0.003 0.010666666666666666
5 0.619 0.5293333333333333 0.004 0.010666666666666666
5 0.624 0.5286666666666666 0.004 0.012
5 0.629 0.5286666666666666 0.004 0.009333333333333334
5 0.633 0.528 0.004 0.008
17 0.6515 0.5313333333333333 0.005 0.012
22 0.644 0.5313333333333333 0.006 0.009333333333333334
20 0.64 0.5306666666666666 0.004 0.008
4 0.9235 0.5293333333333333 0.005 0.008
4 0.928 0.5293333333333333 0.004 0.008
4 0.9325 0.5293333333333333 0.005 0.008
4 0.937 0.5293333333333333 0.004 0.008
29 0.954 0.5286666666666666 0.004 0.009333333333333334
22 0.9485 0.53 0.005 0.009333333333333334
22 0.9435 0.5293333333333333 0.005 0.008