16 0.5333333333333333 0.5703703703703704 0.11666666666666667 0.053703703703703705
16 0.22361111111111112 0.3888888888888889 0.04537037037037037 0.025925925925925925
32 0.5365740740740741 0.4236111111111111 0.5953703703703703 0.6064814814814815
32 0.20555555555555555 0.3560185185185185 0.18333333333333332 0.2638888888888889
32 0.8305555555555556 0.38287037037037036 0.07407407407407407 0.11388888888888889
11 0.5824074074074074 0.5837962962962963 0.014814814814814815 0.025
34 0.5648148148148148 0.5861111111111111 0.011111111111111112 0.016666666666666666
15 0.5472222222222223 0.5856481481481481 0.014814814814814815 0.026851851851851852
1 0.5268518518518519 0.5837962962962963 0.012962962962962963 0.021296296296296296
1 0.4875 0.5837962962962963 0.012037037037037037 0.023148148148148147
1 0.5013888888888889 0.5851851851851851 0.013888888888888888 0.025925925925925925
1 0.5138888888888888 0.5851851851851851 0.011111111111111112 0.025925925925925925
17 0.24027777777777778 0.39351851851851855 0.006481481481481481 0.011111111111111112
18 0.23472222222222222 0.3921296296296296 0.004629629629629629 0.008333333333333333
37 0.22916666666666666 0.39305555555555555 0.004629629629629629 0.010185185185185186
0 0.21944444444444444 0.3921296296296296 0.005555555555555556 0.008333333333333333