16 0.5006944444444444 0.8729166666666667 0.1486111111111111 0.08194444444444444
16 0.5444444444444444 0.3104166666666667 0.175 0.09305555555555556
32 0.5277777777777778 0.38055555555555554 0.7944444444444444 0.6333333333333333
32 0.5 0.8277777777777777 1 0.34444444444444444
32 0.6118055555555556 0.32013888888888886 0.02638888888888889 0.034722222222222224
22 0.5833333333333334 0.32013888888888886 0.022222222222222223 0.029166666666666667
20 0.5597222222222222 0.32222222222222224 0.019444444444444445 0.027777777777777776
6 0.5013888888888889 0.32222222222222224 0.025 0.03888888888888889
22 0.5583333333333333 0.8868055555555555 0.022222222222222223 0.02361111111111111
31 0.5381944444444444 0.8888888888888888 0.02361111111111111 0.025
37 0.5152777777777777 0.8868055555555555 0.019444444444444445 0.03194444444444444
3 0.4895833333333333 0.8888888888888888 0.0125 0.03333333333333333
4 0.47291666666666665 0.8888888888888888 0.015277777777777777 0.025
2 0.45902777777777776 0.8854166666666666 0.015277777777777777 0.03194444444444444
9 0.44166666666666665 0.8888888888888888 0.013888888888888888 0.03333333333333333