16 0.4123456790123457 0.46728395061728395 0.15308641975308643 0.0728395061728395
32 0.45 0.48271604938271606 0.7395061728395061 0.5481481481481482
31 0.4722222222222222 0.48703703703703705 0.025925925925925925 0.025925925925925925
34 0.4487654320987654 0.4839506172839506 0.016049382716049384 0.019753086419753086
20 0.42777777777777776 0.48333333333333334 0.016049382716049384 0.02345679012345679
8 0.4006172839506173 0.48333333333333334 0.016049382716049384 0.028395061728395062
8 0.38395061728395063 0.48271604938271606 0.014814814814814815 0.03209876543209877
8 0.3654320987654321 0.4820987654320988 0.014814814814814815 0.028395061728395062
8 0.3487654320987654 0.48333333333333334 0.013580246913580247 0.030864197530864196
32 0.912962962962963 0.3450617283950617 0.17407407407407408 0.20864197530864198
32 0.10802469135802469 0.3469135802469136 0.21604938271604937 0.34814814814814815