16 0.575 0.6013888888888889 0.11296296296296296 0.05648148148148148
32 0.5587962962962963 0.6518518518518519 0.5805555555555556 0.5166666666666667
32 0.03981481481481482 0.6976851851851852 0.07407407407407407 0.275
32 0.8921296296296296 0.48333333333333334 0.21574074074074073 0.29444444444444445
32 0.2800925925925926 0.5893518518518519 0.11574074074074074 0.19166666666666668
32 0.075 0.5606481481481481 0.15 0.10648148148148148
16 0.29583333333333334 0.586574074074074 0.030555555555555555 0.021296296296296296
16 0.03148148148148148 0.5615740740740741 0.027777777777777776 0.01574074074074074
16 0.9810185185185185 0.5675925925925925 0.03796296296296296 0.020370370370370372
31 0.6129629629629629 0.6125 0.020370370370370372 0.019444444444444445
25 0.5939814814814814 0.6111111111111112 0.01574074074074074 0.020370370370370372
4 0.5666666666666667 0.6097222222222223 0.011111111111111112 0.017592592592592594
4 0.5532407407407407 0.6101851851851852 0.010185185185185186 0.016666666666666666
4 0.5402777777777777 0.6106481481481482 0.010185185185185186 0.017592592592592594
4 0.5282407407407408 0.6111111111111112 0.012037037037037037 0.016666666666666666