16 0.4263888888888889 0.5634259259259259 0.1361111111111111 0.06944444444444445
32 0.39861111111111114 0.5847222222222223 0.6342592592592593 0.5027777777777778
32 0.775 0.4634259259259259 0.1925925925925926 0.18055555555555555
32 0.046296296296296294 0.4324074074074074 0.09259259259259259 0.12037037037037036
32 0.12824074074074074 0.39351851851851855 0.08981481481481482 0.08333333333333333
37 0.4791666666666667 0.575462962962963 0.021296296296296296 0.030555555555555555
37 0.45601851851851855 0.5745370370370371 0.017592592592592594 0.028703703703703703
37 0.4361111111111111 0.5740740740740741 0.018518518518518517 0.03148148148148148
8 0.4148148148148148 0.5717592592592593 0.014814814814814815 0.028703703703703703
8 0.4 0.5708333333333333 0.014814814814814815 0.026851851851851852
8 0.38564814814814813 0.5694444444444444 0.01574074074074074 0.025925925925925925
8 0.3685185185185185 0.5717592592592593 0.016666666666666666 0.030555555555555555
16 0.7819444444444444 0.4935185185185185 0.05277777777777778 0.02962962962962963