16 0.14537037037037037 0.5111111111111111 0.08703703703703704 0.044444444444444446
16 0.8800925925925925 0.5041666666666667 0.08425925925925926 0.04537037037037037
24 0.1875 0.42314814814814816 0.375 0.26666666666666666
32 0.7638888888888888 0.3990740740740741 0.4722222222222222 0.3537037037037037
24 0.18009259259259258 0.5203703703703704 0.010185185185185186 0.012962962962962963
24 0.1675925925925926 0.5208333333333334 0.011111111111111112 0.012037037037037037
24 0.15416666666666667 0.5194444444444445 0.008333333333333333 0.012962962962962963
6 0.1398148148148148 0.5185185185185185 0.009259259259259259 0.018518518518518517
6 0.13055555555555556 0.5180555555555556 0.009259259259259259 0.017592592592592594
6 0.12129629629629629 0.5180555555555556 0.009259259259259259 0.01574074074074074
6 0.11203703703703703 0.5175925925925926 0.009259259259259259 0.016666666666666666
34 0.912962962962963 0.5143518518518518 0.011111111111111112 0.012037037037037037
34 0.9013888888888889 0.5138888888888888 0.008333333333333333 0.011111111111111112
34 0.888425925925926 0.512962962962963 0.010185185185185186 0.012962962962962963
5 0.8476851851851852 0.512962962962963 0.010185185185185186 0.020370370370370372
5 0.8569444444444444 0.512962962962963 0.008333333333333333 0.018518518518518517
5 0.875462962962963 0.5125 0.008333333333333333 0.019444444444444445
5 0.8662037037037037 0.513425925925926 0.008333333333333333 0.019444444444444445