16 0.540625 0.5444444444444444 0.10833333333333334 0.08888888888888889
32 0.5265625 0.562037037037037 0.471875 0.6462962962962963
32 0.115625 0.4601851851851852 0.23125 0.30925925925925923
32 0.8052083333333333 0.4638888888888889 0.1875 0.2759259259259259
32 0.9385416666666667 0.4444444444444444 0.12291666666666666 0.22962962962962963
16 0.8171875 0.4564814814814815 0.042708333333333334 0.03518518518518519
16 0.07083333333333333 0.45555555555555555 0.052083333333333336 0.040740740740740744
16 0.9942708333333333 0.4527777777777778 0.011458333333333333 0.03148148148148148
29 0.56875 0.5555555555555556 0.014583333333333334 0.04814814814814815
0 0.515625 0.5537037037037037 0.0125 0.044444444444444446
20 0.8317708333333333 0.4648148148148148 0.007291666666666667 0.014814814814814815
18 0.8239583333333333 0.46296296296296297 0.00625 0.014814814814814815
4 0.8114583333333333 0.462037037037037 0.00625 0.016666666666666666
9 0.7979166666666667 0.46296296296296297 0.00625 0.014814814814814815
1 0.8067708333333333 0.46296296296296297 0.005208333333333333 0.018518518518518517
8 0.803125 0.4638888888888889 0.004166666666666667 0.016666666666666666
22 0.090625 0.46296296296296297 0.008333333333333333 0.018518518518518517
19 0.08177083333333333 0.462037037037037 0.007291666666666667 0.020370370370370372
13 0.075 0.46111111111111114 0.00625 0.014814814814814815
4 0.049479166666666664 0.462037037037037 0.005208333333333333 0.016666666666666666
0 0.06666666666666667 0.46111111111111114 0.00625 0.018518518518518517
8 0.0546875 0.46296296296296297 0.005208333333333333 0.014814814814814815
9 0.0609375 0.462037037037037 0.005208333333333333 0.020370370370370372