16 0.5588541666666667 0.6518518518518519 0.11354166666666667 0.0962962962962963
32 0.5546875 0.47129629629629627 0.459375 0.5722222222222222
19 0.6020833333333333 0.6694444444444444 0.01875 0.04259259259259259
20 0.5723958333333333 0.6703703703703704 0.017708333333333333 0.025925925925925925
17 0.584375 0.6685185185185185 0.014583333333333334 0.040740740740740744
0 0.5145833333333333 0.6685185185185185 0.010416666666666666 0.040740740740740744
0 0.5380208333333333 0.6675925925925926 0.011458333333333333 0.03888888888888889
1 0.5520833333333334 0.6675925925925926 0.0125 0.04259259259259259
1 0.5286458333333334 0.6666666666666666 0.011458333333333333 0.044444444444444446
32 0.8880208333333334 0.3138888888888889 0.03854166666666667 0.03518518518518519
32 0.7411458333333333 0.30833333333333335 0.026041666666666668 0.03148148148148148