16 0.5427083333333333 0.3907407407407407 0.11875 0.1111111111111111
32 0.921875 0.3175925925925926 0.15625 0.26851851851851855
32 0.8192708333333333 0.2638888888888889 0.16145833333333334 0.2574074074074074
32 0.5078125 0.40925925925925927 0.5052083333333334 0.6370370370370371
20 0.5880208333333333 0.41574074074074074 0.015625 0.03148148148148148
20 0.5708333333333333 0.412962962962963 0.016666666666666666 0.02962962962962963
20 0.5520833333333334 0.41388888888888886 0.014583333333333334 0.027777777777777776
2 0.534375 0.4027777777777778 0.014583333333333334 0.03888888888888889
2 0.49583333333333335 0.40185185185185185 0.014583333333333334 0.044444444444444446
2 0.521875 0.4027777777777778 0.0125 0.03888888888888889
2 0.509375 0.4046296296296296 0.0125 0.046296296296296294