16 0.5393333333333333 0.5013513513513513 0.20933333333333334 0.10540540540540541
32 0.542 0.5162162162162162 0.916 0.7162162162162162
32 0.9253333333333333 0.28716216216216217 0.14933333333333335 0.20405405405405405
32 0.206 0.30067567567567566 0.108 0.12297297297297298
29 0.6206666666666667 0.5195945945945946 0.025333333333333333 0.05
29 0.5906666666666667 0.5155405405405405 0.024 0.052702702702702706
6 0.528 0.518918918918919 0.032 0.05405405405405406
29 0.56 0.5182432432432432 0.021333333333333333 0.052702702702702706
6 0.5026666666666667 0.5182432432432432 0.021333333333333333 0.0445945945945946
6 0.4766666666666667 0.5182432432432432 0.02266666666666667 0.041891891891891894
6 0.45266666666666666 0.5148648648648648 0.025333333333333333 0.04594594594594595