16 0.5685185185185185 0.34479166666666666 0.1037037037037037 0.029166666666666667
16 0.2574074074074074 0.3223958333333333 0.05185185185185185 0.013541666666666667
32 0.5731481481481482 0.3380208333333333 0.4462962962962963 0.19479166666666667
32 0.27314814814814814 0.2984375 0.21666666666666667 0.10520833333333333
32 0.6953703703703704 0.15885416666666666 0.3685185185185185 0.240625
15 0.6111111111111112 0.35052083333333334 0.014814814814814815 0.011458333333333333
24 0.5925925925925926 0.3489583333333333 0.014814814814814815 0.010416666666666666
29 0.5777777777777777 0.3489583333333333 0.007407407407407408 0.0125
4 0.562037037037037 0.35 0.012962962962962963 0.008333333333333333
4 0.5388888888888889 0.35 0.011111111111111112 0.010416666666666666
4 0.5277777777777778 0.3494791666666667 0.011111111111111112 0.009375