16 0.5409722222222222 0.5859375 0.1597222222222222 0.059375
32 0.53125 0.42864583333333334 0.6625 0.428125
32 0.15347222222222223 0.2796875 0.30694444444444446 0.128125
32 0.8736111111111111 0.2765625 0.2222222222222222 0.109375
16 0.9083333333333333 0.3098958333333333 0.03888888888888889 0.013541666666666667
29 0.6034722222222222 0.5963541666666666 0.0125 0.026041666666666668
34 0.5805555555555556 0.5984375 0.019444444444444445 0.015625
17 0.5569444444444445 0.596875 0.016666666666666666 0.020833333333333332
0 0.5291666666666667 0.5973958333333333 0.011111111111111112 0.023958333333333335
0 0.5111111111111111 0.596875 0.011111111111111112 0.022916666666666665
0 0.49375 0.5953125 0.009722222222222222 0.023958333333333335
0 0.4756944444444444 0.5953125 0.0125 0.023958333333333335