16 0.10052083333333334 0.2513888888888889 0.040625 0.03611111111111111
16 0.36614583333333334 0.6895833333333333 0.16145833333333334 0.12361111111111112
32 0.4583333333333333 0.5131944444444444 0.66875 0.6902777777777778
34 0.42552083333333335 0.7159722222222222 0.017708333333333333 0.03194444444444444
12 0.4 0.7055555555555556 0.027083333333333334 0.041666666666666664
15 0.37604166666666666 0.7041666666666667 0.020833333333333332 0.041666666666666664
5 0.34322916666666664 0.6993055555555555 0.017708333333333333 0.04861111111111111
5 0.3260416666666667 0.6965277777777777 0.016666666666666666 0.04583333333333333
5 0.30833333333333335 0.6909722222222222 0.01875 0.04583333333333333
32 0.20104166666666667 0.25416666666666665 0.3104166666666667 0.23055555555555557
29 0.11614583333333334 0.25416666666666665 0.005208333333333333 0.013888888888888888
37 0.1046875 0.2569444444444444 0.007291666666666667 0.013888888888888888
20 0.109375 0.2569444444444444 0.00625 0.013888888888888888
1 0.08541666666666667 0.25833333333333336 0.00625 0.013888888888888888
5 0.0984375 0.25625 0.005208333333333333 0.0125
5 0.090625 0.25763888888888886 0.004166666666666667 0.015277777777777777
9 0.09479166666666666 0.25625 0.004166666666666667 0.0125