16 0.146875 0.44351851851851853 0.029166666666666667 0.027777777777777776
16 0.6359375 0.4638888888888889 0.057291666666666664 0.05740740740740741
32 0.5359375 0.4703703703703704 0.3875 0.362962962962963
32 0.14166666666666666 0.4222222222222222 0.12291666666666666 0.17592592592592593
32 0.23645833333333333 0.40370370370370373 0.058333333333333334 0.07407407407407407
12 0.6578125 0.4703703703703704 0.007291666666666667 0.018518518518518517
12 0.6494791666666667 0.4703703703703704 0.007291666666666667 0.014814814814814815
12 0.6416666666666667 0.47129629629629627 0.00625 0.016666666666666666
4 0.6328125 0.4722222222222222 0.005208333333333333 0.014814814814814815
4 0.6265625 0.4740740740740741 0.005208333333333333 0.014814814814814815
4 0.6208333333333333 0.47314814814814815 0.004166666666666667 0.016666666666666666
4 0.6151041666666667 0.4740740740740741 0.005208333333333333 0.014814814814814815