16 0.5153333333333333 0.772 0.228 0.09333333333333334
32 0.5113333333333333 0.48333333333333334 0.9186666666666666 0.748
18 0.6053333333333333 0.7846666666666666 0.032 0.028
37 0.5666666666666667 0.786 0.037333333333333336 0.03866666666666667
17 0.538 0.7886666666666666 0.025333333333333333 0.04133333333333333
5 0.5 0.7893333333333333 0.024 0.04533333333333334
5 0.47533333333333333 0.7893333333333333 0.02266666666666667 0.042666666666666665
5 0.4493333333333333 0.7893333333333333 0.02666666666666667 0.04
5 0.4246666666666667 0.7906666666666666 0.025333333333333333 0.037333333333333336
32 0.9053333333333333 0.14 0.16 0.10133333333333333
32 0.7826666666666666 0.12733333333333333 0.08266666666666667 0.08133333333333333
32 0.7193333333333334 0.12733333333333333 0.04933333333333333 0.07066666666666667
32 0.10266666666666667 0.15733333333333333 0.20533333333333334 0.31466666666666665