16 0.894 0.536 0.04666666666666667 0.02666666666666667
16 0.4093333333333333 0.6006666666666667 0.10666666666666667 0.05466666666666667
32 0.5073333333333333 0.6093333333333333 0.6146666666666667 0.38133333333333336
32 0.902 0.546 0.196 0.19066666666666668
21 0.44866666666666666 0.6113333333333333 0.014666666666666666 0.017333333333333333
19 0.43066666666666664 0.6073333333333333 0.016 0.02266666666666667
20 0.4166666666666667 0.6093333333333333 0.012 0.018666666666666668
9 0.402 0.6106666666666667 0.009333333333333334 0.024
9 0.39 0.61 0.009333333333333334 0.02
9 0.38 0.6106666666666667 0.010666666666666666 0.021333333333333333
9 0.368 0.6113333333333333 0.008 0.02266666666666667