16 0.4653333333333333 0.31133333333333335 0.14666666666666667 0.07866666666666666
32 0.4693333333333333 0.31733333333333336 0.648 0.504
18 0.5213333333333333 0.32466666666666666 0.018666666666666668 0.028
18 0.49733333333333335 0.326 0.016 0.028
18 0.47733333333333333 0.32466666666666666 0.018666666666666668 0.025333333333333333
5 0.45466666666666666 0.32133333333333336 0.013333333333333334 0.029333333333333333
5 0.43866666666666665 0.322 0.013333333333333334 0.030666666666666665
5 0.4226666666666667 0.322 0.016 0.030666666666666665
5 0.404 0.32266666666666666 0.013333333333333334 0.029333333333333333
32 0.896 0.2926666666666667 0.208 0.316
32 0.06533333333333333 0.22533333333333333 0.13066666666666665 0.296
32 0.77 0.15866666666666668 0.14 0.12266666666666666
32 0.19533333333333333 0.16066666666666668 0.09733333333333333 0.068
32 0.9106666666666666 0.16 0.176 0.09333333333333334