16 0.4925925925925926 0.5234857849196539 0.17407407407407408 0.11742892459826947
32 0.5254629629629629 0.44499381953028433 0.7083333333333334 0.7688504326328801
29 0.5606481481481481 0.5451174289245982 0.013888888888888888 0.04697156983930779
13 0.5328703703703703 0.5475896168108776 0.023148148148148147 0.032138442521631644
17 0.5055555555555555 0.5432632880098888 0.018518518518518517 0.04573547589616811
9 0.48009259259259257 0.5438813349814586 0.019444444444444445 0.04697156983930779
9 0.4587962962962963 0.5432632880098888 0.017592592592592594 0.04573547589616811
9 0.44027777777777777 0.542027194066749 0.017592592592592594 0.048207663782447466
9 0.4199074074074074 0.5438813349814586 0.019444444444444445 0.0519159456118665
32 0.062037037037037036 0.24907292954264523 0.12407407407407407 0.19406674907292953
32 0.16944444444444445 0.2342398022249691 0.13333333333333333 0.11990111248454882