16 0.5066666666666667 0.402 0.17866666666666667 0.092
32 0.5046666666666667 0.44466666666666665 0.8413333333333334 0.7373333333333333
32 0.018 0.45666666666666667 0.036 0.19866666666666666
32 0.022 0.3546666666666667 0.044 0.12266666666666666
32 0.051333333333333335 0.314 0.10266666666666667 0.14266666666666666
32 0.092 0.24733333333333332 0.184 0.164
32 0.152 0.192 0.17066666666666666 0.07466666666666667
32 0.9826666666666667 0.29 0.034666666666666665 0.124
32 0.838 0.18666666666666668 0.030666666666666665 0.050666666666666665
32 0.854 0.19333333333333333 0.025333333333333333 0.04533333333333334
32 0.8866666666666667 0.20533333333333334 0.064 0.056
32 0.9233333333333333 0.20733333333333334 0.04133333333333333 0.06
32 0.962 0.20866666666666667 0.076 0.07066666666666667
32 0.9846666666666667 0.21333333333333335 0.030666666666666665 0.06666666666666667
18 0.5753333333333334 0.4166666666666667 0.02 0.030666666666666665
37 0.5486666666666666 0.41733333333333333 0.025333333333333333 0.036
17 0.5246666666666666 0.4166666666666667 0.014666666666666666 0.036
5 0.49733333333333335 0.412 0.018666666666666668 0.032
5 0.478 0.41333333333333333 0.017333333333333333 0.034666666666666665
5 0.45866666666666667 0.412 0.018666666666666668 0.034666666666666665
5 0.43866666666666665 0.41333333333333333 0.021333333333333333 0.036