16 0.25666666666666665 0.496 0.084 0.042666666666666665
16 0.8633333333333333 0.494 0.084 0.04133333333333333
32 0.7986666666666666 0.496 0.4026666666666667 0.2693333333333333
32 0.3006666666666667 0.49266666666666664 0.4146666666666667 0.26266666666666666
11 0.8953333333333333 0.5006666666666667 0.012 0.014666666666666666
22 0.882 0.5013333333333333 0.012 0.010666666666666666
15 0.8713333333333333 0.5013333333333333 0.006666666666666667 0.018666666666666668
0 0.8573333333333333 0.5013333333333333 0.008 0.018666666666666668
0 0.8406666666666667 0.5006666666666667 0.006666666666666667 0.017333333333333333
4 0.832 0.504 0.010666666666666666 0.018666666666666668
4 0.8486666666666667 0.5013333333333333 0.012 0.016
25 0.28733333333333333 0.504 0.012 0.016
25 0.2753333333333333 0.5033333333333333 0.009333333333333334 0.014666666666666666
25 0.262 0.5033333333333333 0.012 0.014666666666666666
0 0.25 0.504 0.006666666666666667 0.018666666666666668
0 0.24 0.504 0.008 0.018666666666666668
0 0.23066666666666666 0.5046666666666667 0.008 0.02
0 0.222 0.504 0.009333333333333334 0.018666666666666668