16 0.8973333333333333 0.404 0.04 0.024
16 0.49066666666666664 0.6166666666666667 0.144 0.076
32 0.8706666666666667 0.3606666666666667 0.20266666666666666 0.15066666666666667
32 0.49066666666666664 0.48533333333333334 0.6933333333333334 0.5546666666666666
32 0.08666666666666667 0.45666666666666667 0.17333333333333334 0.31066666666666665
34 0.5453333333333333 0.6293333333333333 0.018666666666666668 0.02666666666666667
34 0.5253333333333333 0.6286666666666667 0.016 0.025333333333333333
34 0.5033333333333333 0.6286666666666667 0.014666666666666666 0.025333333333333333
0 0.474 0.63 0.014666666666666666 0.036
0 0.4553333333333333 0.6286666666666667 0.017333333333333333 0.03333333333333333
0 0.44 0.6306666666666667 0.013333333333333334 0.034666666666666665