16 0.5087962962962963 0.4514814814814815 0.16018518518518518 0.0674074074074074
16 0.02638888888888889 0.45 0.04351851851851852 0.018518518518518517
32 0.4759259259259259 0.48074074074074075 0.7074074074074074 0.49925925925925924
23 0.5583333333333333 0.4622222222222222 0.024074074074074074 0.025185185185185185
20 0.5365740740740741 0.4633333333333333 0.019444444444444445 0.018518518518518517
0 0.47175925925925927 0.4614814814814815 0.017592592592592594 0.02962962962962963
32 0.08055555555555556 0.3896296296296296 0.16111111111111112 0.1748148148148148
13 0.03981481481481482 0.45296296296296296 0.005555555555555556 0.003703703703703704
1 0.023148148148148147 0.4533333333333333 0.003703703703703704 0.005925925925925926
20 0.03333333333333333 0.4525925925925926 0.005555555555555556 0.005925925925925926
8 0.018518518518518517 0.45296296296296296 0.003703703703703704 0.006666666666666667
5 0.013425925925925926 0.4533333333333333 0.004629629629629629 0.007407407407407408
0 0.009259259259259259 0.4537037037037037 0.005555555555555556 0.008148148148148147