16 0.09444444444444444 0.3791111111111111 0.05333333333333334 0.025777777777777778
16 0.46166666666666667 0.38622222222222224 0.058888888888888886 0.025777777777777778
32 0.5138888888888888 0.3293333333333333 0.31666666666666665 0.16444444444444445
32 0.21333333333333335 0.3342222222222222 0.36444444444444446 0.14933333333333335
13 0.47944444444444445 0.39111111111111113 0.0077777777777777776 0.0071111111111111115
31 0.47 0.39066666666666666 0.008888888888888889 0.006222222222222222
0 0.4483333333333333 0.3897777777777778 0.0077777777777777776 0.009777777777777778
32 0.8288888888888889 0.2693333333333333 0.09333333333333334 0.064
32 0.6588888888888889 0.27555555555555555 0.06666666666666667 0.051555555555555556
32 0.38222222222222224 0.2786666666666667 0.06888888888888889 0.034666666666666665
32 0.4211111111111111 0.26355555555555554 0.04888888888888889 0.03288888888888889
32 0.9072222222222223 0.26 0.052222222222222225 0.020444444444444446