16 0.6783479349186483 0.5705705705705706 0.15519399249061328 0.06606606606606606
32 0.623279098873592 0.57007007007007 0.753441802252816 0.4594594594594595
29 0.718397997496871 0.5805805805805806 0.025031289111389236 0.03403403403403404
8 0.6414267834793492 0.5780780780780781 0.03379224030037547 0.03303303303303303
16 0.02065081351689612 0.4824824824824825 0.04130162703379224 0.026026026026026026
32 0.07509386733416772 0.48848848848848847 0.15018773466833543 0.2062062062062062
32 0.15519399249061328 0.42842842842842843 0.13516896120150187 0.1961961961961962
32 0.29662077596996245 0.4369369369369369 0.12265331664580725 0.0970970970970971
37 0.03254067584480601 0.486986986986987 0.012515644555694618 0.015015015015015015
34 0.02127659574468085 0.486986986986987 0.012515644555694618 0.011011011011011011
13 0.011264080100125156 0.486986986986987 0.012515644555694618 0.013013013013013013