16 0.33671875 0.6180555555555556 0.1140625 0.11944444444444445
32 0.4203125 0.49583333333333335 0.46875 0.5805555555555556
32 0.14140625 0.3902777777777778 0.2828125 0.44166666666666665
31 0.37734375 0.6416666666666667 0.0171875 0.03333333333333333
23 0.36015625 0.6361111111111111 0.0140625 0.03333333333333333
15 0.34453125 0.6319444444444444 0.0140625 0.03611111111111111
6 0.32890625 0.6347222222222222 0.0109375 0.041666666666666664
6 0.315625 0.6305555555555555 0.009375 0.03333333333333333
6 0.30625 0.6305555555555555 0.0125 0.03888888888888889
6 0.29375 0.6291666666666667 0.0125 0.041666666666666664
32 0.740625 0.4125 0.140625 0.24722222222222223