16 0.48671875 0.41770833333333335 0.1359375 0.10208333333333333
32 0.4796875 0.39479166666666665 0.61875 0.6520833333333333
32 0.0828125 0.4041666666666667 0.165625 0.4666666666666667
32 0.8921875 0.23125 0.215625 0.24166666666666667
19 0.53046875 0.42604166666666665 0.0203125 0.035416666666666666
23 0.51015625 0.43020833333333336 0.0171875 0.03125
0 0.478125 0.43020833333333336 0.0125 0.04375
0 0.4609375 0.43020833333333336 0.0125 0.03958333333333333
0 0.44609375 0.4322916666666667 0.0109375 0.03958333333333333
0 0.43125 0.43645833333333334 0.009375 0.04375
32 0.14140625 0.23541666666666666 0.1609375 0.14583333333333334
32 0.46953125 0.40208333333333335 0.5390625 0.6208333333333333