16 0.46495619524405507 0.7482482482482482 0.2765957446808511 0.11511511511511512
32 0.4874843554443054 0.5430430430430431 0.9724655819774718 0.6276276276276276
32 0.9155193992490613 0.30430430430430433 0.16896120150187735 0.13013013013013014
32 0.13016270337922403 0.3023023023023023 0.2503128911138924 0.07607607607607608
32 0.8191489361702128 0.2857857857857858 0.18648310387984982 0.1111111111111111
24 0.5732165206508135 0.7617617617617618 0.0425531914893617 0.036036036036036036
24 0.5350438047559449 0.7617617617617618 0.03629536921151439 0.03403403403403404
24 0.4937421777221527 0.7667667667667668 0.03379224030037547 0.04004004004004004
3 0.4493116395494368 0.7642642642642643 0.030037546933667083 0.03903903903903904
3 0.418648310387985 0.7667667667667668 0.02127659574468085 0.04004004004004004
3 0.3867334167709637 0.7647647647647647 0.025031289111389236 0.04604604604604605
3 0.35294117647058826 0.7657657657657657 0.030037546933667083 0.044044044044044044