16 0.5291666666666667 0.7114814814814815 0.22314814814814815 0.09407407407407407
16 0.6837962962962963 0.2388888888888889 0.03796296296296296 0.018518518518518517
16 0.17222222222222222 0.20666666666666667 0.044444444444444446 0.02074074074074074
32 0.4583333333333333 0.4918518518518519 0.9055555555555556 0.5748148148148148
18 0.6157407407407407 0.7211111111111111 0.027777777777777776 0.03333333333333333
17 0.5828703703703704 0.7251851851851852 0.021296296296296296 0.035555555555555556
22 0.5518518518518518 0.7248148148148148 0.03148148148148148 0.03481481481481481
5 0.5162037037037037 0.7240740740740741 0.021296296296296296 0.03481481481481481
5 0.4898148148148148 0.7248148148148148 0.024074074074074074 0.0362962962962963
5 0.4625 0.725925925925926 0.021296296296296296 0.035555555555555556
5 0.43842592592592594 0.7274074074074074 0.023148148148148147 0.03851851851851852