16 0.6638023630504833 0.41245972073039744 0.12244897959183673 0.06659505907626208
32 0.5520945220193341 0.4312567132116004 0.723952738990333 0.5703544575725027
32 0.0719656283566058 0.17776584317937702 0.08163265306122448 0.07411385606874328
32 0.15843179377013963 0.18313641245972073 0.06766917293233082 0.06552094522019335
32 0.3141783029001074 0.19763694951664876 0.06337271750805586 0.05370569280343716
31 0.7089151450053706 0.42910848549946295 0.023630504833512353 0.022556390977443608
23 0.6895810955961332 0.42588614393125673 0.015037593984962405 0.02685284640171858
15 0.6729323308270677 0.4237379162191192 0.011815252416756176 0.02685284640171858
4 0.6541353383458647 0.4221267454350161 0.010741138560687433 0.017185821697099892
4 0.6407089151450054 0.42266380236305046 0.00966702470461869 0.018259935553168637
4 0.6272824919441461 0.42266380236305046 0.008592910848549946 0.01611170784103115
4 0.6138560687432868 0.41997851772287864 0.011815252416756176 0.017185821697099892
32 0.2636949516648765 0.19495166487647692 0.031149301825993556 0.05477980665950591
32 0.9366272824919442 0.3356605800214823 0.1267454350161117 0.16648764769065522