16 0.5071895424836601 0.43357740585774057 0.1437908496732026 0.0596234309623431
32 0.5058823529411764 0.4419456066945607 0.6457516339869281 0.4110878661087866
32 0.9418300653594771 0.3530334728033473 0.11633986928104575 0.19560669456066945
32 0.2222222222222222 0.2881799163179916 0.11241830065359477 0.07217573221757322
17 0.5627450980392157 0.4450836820083682 0.01699346405228758 0.02405857740585774
21 0.5411764705882353 0.44612970711297073 0.02091503267973856 0.0198744769874477
20 0.5215686274509804 0.4450836820083682 0.018300653594771243 0.01778242677824268
1 0.49673202614379086 0.4435146443514644 0.01568627450980392 0.02510460251046025
1 0.48104575163398694 0.4429916317991632 0.01568627450980392 0.02405857740585774
1 0.46601307189542485 0.4435146443514644 0.01437908496732026 0.02510460251046025
1 0.44901960784313727 0.4429916317991632 0.01699346405228758 0.02405857740585774