16 0.42916666666666664 0.652479644707624 0.13240740740740742 0.05551443375277572
32 0.5268518518518519 0.6691339748334567 0.6833333333333333 0.36417468541820874
32 0.09351851851851851 0.6047372316802369 0.18703703703703703 0.27387120651369357
32 0.46296296296296297 0.43153219837157664 0.8333333333333334 0.20281273131014063
19 0.4736111111111111 0.6602516654330126 0.023148148148148147 0.02220577350111029
17 0.45231481481481484 0.6606217616580311 0.012037037037037037 0.018504811250925242
20 0.4351851851851852 0.6606217616580311 0.016666666666666666 0.015544041450777202
3 0.41388888888888886 0.6602516654330126 0.012962962962962963 0.023686158401184307
3 0.37592592592592594 0.6609918578830496 0.012962962962962963 0.02220577350111029
3 0.40324074074074073 0.6617320503330866 0.012037037037037037 0.023686158401184307
3 0.38842592592592595 0.6609918578830496 0.012037037037037037 0.02220577350111029