16 0.5618996798292423 0.5256191289496157 0.14834578441835647 0.06063193851409052
32 0.5784418356456777 0.5371477369769427 0.7235859124866596 0.4286934244235696
32 0.08271077908217717 0.4564474807856533 0.16542155816435433 0.2519214346712212
32 0.9178228388473852 0.42356959863364646 0.16435432230522945 0.1605465414175918
17 0.6211312700106724 0.5345858240819812 0.0192102454642476 0.02391118701964133
21 0.5981856990394877 0.5375747224594364 0.020277481323372464 0.02134927412467976
20 0.5768409818569904 0.5362937660119556 0.020277481323372464 0.02220324508966695
0 0.5528281750266809 0.5341588385994877 0.014941302027748132 0.024765157984628524
0 0.535752401280683 0.5341588385994877 0.012806830309498399 0.026473099914602904
0 0.5192102454642475 0.533731853116994 0.011739594450373533 0.025619128949615714
0 0.5032017075773746 0.533731853116994 0.011739594450373533 0.02391118701964133