16 0.0515625 0.5895833333333333 0.08125 0.05416666666666667
16 0.51796875 0.528125 0.2015625 0.13125
32 0.5109375 0.46875 0.846875 0.8583333333333333
32 0.05078125 0.49375 0.0953125 0.42083333333333334
32 0.94453125 0.5833333333333334 0.1109375 0.5375
20 0.59140625 0.5510416666666667 0.0234375 0.03958333333333333
24 0.56171875 0.5489583333333333 0.0265625 0.03958333333333333
19 0.53515625 0.55 0.0265625 0.05416666666666667
5 0.50546875 0.55 0.0171875 0.05416666666666667
5 0.4859375 0.553125 0.021875 0.06041666666666667
5 0.46171875 0.5489583333333333 0.0203125 0.052083333333333336
5 0.43984375 0.5520833333333334 0.0203125 0.058333333333333334