16 0.49 0.6646666666666666 0.11066666666666666 0.05733333333333333
32 0.49 0.524 0.48133333333333334 0.4186666666666667
32 0.8546666666666667 0.38066666666666665 0.152 0.08933333333333333
32 0.6826666666666666 0.3546666666666667 0.058666666666666666 0.037333333333333336
32 0.6393333333333333 0.3453333333333333 0.036 0.029333333333333333
32 0.9213333333333333 0.35 0.058666666666666666 0.04933333333333333
32 0.9306666666666666 0.33066666666666666 0.13866666666666666 0.07733333333333334
17 0.5173333333333333 0.6746666666666666 0.016 0.024
0 0.478 0.674 0.012 0.028
0 0.4633333333333333 0.6726666666666666 0.009333333333333334 0.025333333333333333
0 0.4513333333333333 0.674 0.012 0.025333333333333333
16 0.8913333333333333 0.406 0.028 0.017333333333333333