16 0.17314814814814813 0.5925925925925926 0.15555555555555556 0.06962962962962962
16 0.6689814814814815 0.42333333333333334 0.09537037037037037 0.03777777777777778
32 0.2972222222222222 0.4688888888888889 0.5944444444444444 0.5614814814814815
32 0.7101851851851851 0.3592592592592593 0.37222222222222223 0.28
29 0.23148148148148148 0.6025925925925926 0.014814814814814815 0.028888888888888888
18 0.20972222222222223 0.6048148148148148 0.019444444444444445 0.027407407407407408
22 0.18796296296296297 0.6033333333333334 0.024074074074074074 0.02
2 0.15694444444444444 0.6014814814814815 0.019444444444444445 0.02666666666666667
8 0.1375 0.6022222222222222 0.017592592592592594 0.025185185185185185
3 0.11990740740740741 0.6014814814814815 0.01574074074074074 0.023703703703703703
29 0.7050925925925926 0.4292592592592593 0.009259259259259259 0.015555555555555555
18 0.6898148148148148 0.42962962962962964 0.014814814814814815 0.014814814814814815
22 0.6773148148148148 0.4292592592592593 0.013888888888888888 0.011111111111111112
1 0.6601851851851852 0.42777777777777776 0.012962962962962963 0.017037037037037038
1 0.6486111111111111 0.4285185185185185 0.009259259259259259 0.017037037037037038
1 0.6351851851851852 0.4285185185185185 0.011111111111111112 0.018518518518518517