16 0.4701923076923077 0.7538461538461538 0.15576923076923077 0.09743589743589744
16 0.275 0.23653846153846153 0.03076923076923077 0.026923076923076925
32 0.4855769230769231 0.5064102564102564 0.5653846153846154 0.7153846153846154
32 0.3033653846153846 0.19294871794871796 0.15673076923076923 0.13974358974358975
32 0.047115384615384615 0.25833333333333336 0.09423076923076923 0.14487179487179488
12 0.5278846153846154 0.7698717948717949 0.023076923076923078 0.03461538461538462
29 0.5076923076923077 0.7705128205128206 0.013461538461538462 0.038461538461538464
21 0.4846153846153846 0.775 0.023076923076923078 0.029487179487179487
0 0.45865384615384613 0.7717948717948718 0.011538461538461539 0.035897435897435895
0 0.43990384615384615 0.7705128205128206 0.014423076923076924 0.041025641025641026
6 0.4235576923076923 0.767948717948718 0.01826923076923077 0.035897435897435895
9 0.40673076923076923 0.7673076923076924 0.015384615384615385 0.03461538461538462