16 0.2453125 0.38680555555555557 0.06354166666666666 0.043055555555555555
16 0.7739583333333333 0.38472222222222224 0.06458333333333334 0.041666666666666664
32 0.2598958333333333 0.27847222222222223 0.26979166666666665 0.3347222222222222
32 0.7234375 0.27847222222222223 0.35104166666666664 0.3263888888888889
32 0.4744791666666667 0.1673611111111111 0.13645833333333332 0.17916666666666667
16 0.4864583333333333 0.21805555555555556 0.03958333333333333 0.025
31 0.271875 0.39444444444444443 0.010416666666666666 0.011111111111111112
17 0.26145833333333335 0.39305555555555555 0.00625 0.013888888888888888
22 0.253125 0.3923611111111111 0.008333333333333333 0.0125
2 0.2421875 0.39444444444444443 0.007291666666666667 0.016666666666666666
6 0.23489583333333333 0.39305555555555555 0.007291666666666667 0.013888888888888888
3 0.228125 0.39305555555555555 0.00625 0.016666666666666666
5 0.22135416666666666 0.39305555555555555 0.007291666666666667 0.016666666666666666
31 0.7963541666666667 0.39375 0.009375 0.0125
25 0.7864583333333334 0.3923611111111111 0.008333333333333333 0.0125
22 0.7776041666666667 0.39305555555555555 0.007291666666666667 0.013888888888888888
3 0.76875 0.3909722222222222 0.00625 0.015277777777777777
6 0.7619791666666667 0.39166666666666666 0.007291666666666667 0.013888888888888888
2 0.7557291666666667 0.39166666666666666 0.005208333333333333 0.013888888888888888
1 0.7489583333333333 0.3909722222222222 0.00625 0.015277777777777777