16 0.5291666666666667 0.7619834710743801 0.2520833333333333 0.20826446280991737
32 0.5026041666666666 0.5925619834710744 0.9739583333333334 0.6727272727272727
31 0.6229166666666667 0.7991735537190082 0.0375 0.06115702479338843
23 0.5875 0.7900826446280992 0.029166666666666667 0.0628099173553719
15 0.5515625 0.7892561983471075 0.034375 0.0743801652892562
0 0.5015625 0.7876033057851239 0.021875 0.08099173553719008
0 0.471875 0.7917355371900826 0.025 0.08925619834710743
0 0.4395833333333333 0.7909090909090909 0.027083333333333334 0.09421487603305785
32 0.07552083333333333 0.48677685950413224 0.15104166666666666 0.32231404958677684
32 0.7776041666666667 0.371900826446281 0.203125 0.18181818181818182
32 0.9151041666666667 0.5801652892561984 0.16979166666666667 0.49586776859504134
32 0.803125 0.44380165289256196 0.17708333333333334 0.1669421487603306
32 0.1640625 0.39669421487603307 0.06770833333333333 0.10909090909090909