16 0.49866666666666665 0.5126666666666667 0.10133333333333333 0.05466666666666667
32 0.49333333333333335 0.45066666666666666 0.4746666666666667 0.30666666666666664
32 0.048666666666666664 0.25666666666666665 0.09466666666666666 0.07066666666666667
32 0.4806666666666667 0.278 0.172 0.076
32 0.12933333333333333 0.25466666666666665 0.06666666666666667 0.058666666666666666
20 0.5373333333333333 0.5213333333333333 0.013333333333333334 0.018666666666666668
24 0.5226666666666666 0.5193333333333333 0.010666666666666666 0.017333333333333333
19 0.508 0.5186666666666667 0.013333333333333334 0.018666666666666668
5 0.492 0.5206666666666667 0.010666666666666666 0.02
5 0.48133333333333334 0.5186666666666667 0.010666666666666666 0.018666666666666668
5 0.472 0.52 0.010666666666666666 0.018666666666666668
5 0.46 0.5206666666666667 0.010666666666666666 0.02