16 0.29212962962962963 0.6143386897404203 0.08611111111111111 0.059332509270704575
16 0.7509259259259259 0.4857849196538937 0.06666666666666667 0.04449938195302843
32 0.3013888888888889 0.5234857849196539 0.41203703703703703 0.41409147095179233
25 0.32685185185185184 0.6242274412855378 0.012962962962962963 0.0173053152039555
25 0.31296296296296294 0.6254635352286774 0.012962962962962963 0.022249690976514216
25 0.30092592592592593 0.6260815822002472 0.012962962962962963 0.021013597033374538
5 0.2865740740740741 0.6254635352286774 0.010185185185185186 0.024721878862793572
5 0.27824074074074073 0.6254635352286774 0.010185185185185186 0.024721878862793572
4 0.26805555555555555 0.6279357231149567 0.008333333333333333 0.0173053152039555
4 0.2587962962962963 0.630407911001236 0.008333333333333333 0.0173053152039555
32 0.7416666666666667 0.4925834363411619 0.3148148148148148 0.30778739184178
22 0.7759259259259259 0.49505562422744126 0.011111111111111112 0.011124845488257108
22 0.7662037037037037 0.4938195302843016 0.010185185185185186 0.011124845488257108
22 0.7574074074074074 0.4938195302843016 0.011111111111111112 0.011124845488257108
2 0.7467592592592592 0.4919653893695921 0.006481481481481481 0.0173053152039555
3 0.7388888888888889 0.4938195302843016 0.005555555555555556 0.018541409147095178
2 0.7324074074074074 0.4925834363411619 0.005555555555555556 0.018541409147095178
3 0.7240740740740741 0.4919653893695921 0.005555555555555556 0.0173053152039555