16 0.5320987654320988 0.6240740740740741 0.19753086419753085 0.09259259259259259
32 0.5302469135802469 0.41172839506172837 0.7666666666666667 0.6308641975308642
23 0.6117283950617284 0.6438271604938272 0.030864197530864196 0.03580246913580247
23 0.5814814814814815 0.641358024691358 0.02962962962962963 0.040740740740740744
9 0.5228395061728395 0.6407407407407407 0.018518518518518517 0.04197530864197531
9 0.49876543209876545 0.6395061728395062 0.01728395061728395 0.03950617283950617
8 0.4765432098765432 0.6450617283950617 0.019753086419753086 0.03580246913580247
8 0.45555555555555555 0.641358024691358 0.01728395061728395 0.040740740740740744
32 0.14753086419753086 0.16604938271604938 0.06790123456790123 0.06790123456790123
32 0.09074074074074075 0.16419753086419753 0.03580246913580247 0.03209876543209877
32 0.05123456790123457 0.15987654320987654 0.03333333333333333 0.028395061728395062
32 0.19814814814814816 0.16049382716049382 0.030864197530864196 0.0345679012345679
32 0.2808641975308642 0.17962962962962964 0.09753086419753086 0.08765432098765433