16 0.4718954248366013 0.702928870292887 0.19607843137254902 0.0794979079497908
32 0.4895424836601307 0.5329497907949791 0.8196078431372549 0.5345188284518828
32 0.7594771241830065 0.3111924686192469 0.0915032679738562 0.05543933054393305
31 0.5477124183006536 0.7170502092050209 0.02875816993464052 0.02615062761506276
23 0.5196078431372549 0.7123430962343096 0.02483660130718954 0.027196652719665274
15 0.4915032679738562 0.7123430962343096 0.023529411764705882 0.029288702928870293
6 0.46078431372549017 0.7144351464435147 0.0196078431372549 0.029288702928870293
6 0.44248366013071894 0.7112970711297071 0.0196078431372549 0.027196652719665274
6 0.4196078431372549 0.7139121338912134 0.018300653594771243 0.030334728033472803
6 0.39738562091503266 0.7133891213389121 0.023529411764705882 0.029288702928870293
6 0.06797385620915032 0.35355648535564854 0.13594771241830064 0.06276150627615062