16 0.4962962962962963 0.6092391304347826 0.19444444444444445 0.11847826086956521
32 0.500462962962963 0.5163043478260869 0.8324074074074074 0.8369565217391305
32 0.961574074074074 0.19021739130434784 0.07685185185185185 0.16304347826086957
32 0.9518518518518518 0.4429347826086957 0.0962962962962963 0.37717391304347825
32 0.1763888888888889 0.19782608695652174 0.09351851851851851 0.11304347826086956
11 0.5703703703703704 0.6298913043478261 0.022222222222222223 0.06195652173913044
17 0.5425925925925926 0.6304347826086957 0.024074074074074074 0.058695652173913045
20 0.513425925925926 0.6271739130434782 0.025 0.043478260869565216
9 0.48657407407407405 0.6266304347826087 0.017592592592592594 0.051086956521739134
9 0.46574074074074073 0.6304347826086957 0.018518518518518517 0.05434782608695652
9 0.44537037037037036 0.6298913043478261 0.020370370370370372 0.04673913043478261
9 0.42268518518518516 0.6304347826086957 0.021296296296296296 0.04565217391304348