16 0.3194444444444444 0.5564814814814815 0.16666666666666666 0.09074074074074075
32 0.38425925925925924 0.5148148148148148 0.7037037037037037 0.6129629629629629
29 0.38287037037037036 0.5722222222222222 0.01574074074074074 0.03888888888888889
15 0.3578703703703704 0.5680555555555555 0.023148148148148147 0.032407407407407406
37 0.33425925925925926 0.5689814814814815 0.025925925925925925 0.03425925925925926
6 0.31157407407407406 0.5666666666666667 0.017592592592592594 0.03518518518518519
6 0.2949074074074074 0.5685185185185185 0.017592592592592594 0.03148148148148148
6 0.27546296296296297 0.5694444444444444 0.01574074074074074 0.03333333333333333
6 0.25833333333333336 0.5685185185185185 0.014814814814814815 0.03333333333333333
32 0.9166666666666666 0.2875 0.16666666666666666 0.2953703703703704
32 0.8 0.22916666666666666 0.1648148148148148 0.15648148148148147
32 0.6050925925925926 0.2 0.14351851851851852 0.08888888888888889
32 0.1087962962962963 0.31342592592592594 0.2175925925925926 0.2490740740740741