16 0.5254629629629629 0.4457831325301205 0.16574074074074074 0.08897126969416126
32 0.49537037037037035 0.4425393883225209 0.7222222222222222 0.5607043558850788
32 0.7708333333333334 0.2905468025949954 0.25462962962962965 0.33086190917516217
32 0.09861111111111111 0.31510658016682114 0.13240740740740742 0.14828544949026876
34 0.5884259259259259 0.4582947173308619 0.023148148148148147 0.03243744207599629
34 0.5648148148148148 0.46014828544949027 0.022222222222222223 0.028730305838739572
34 0.5402777777777777 0.4592215013901761 0.019444444444444445 0.028730305838739572
4 0.5157407407407407 0.46014828544949027 0.018518518518518517 0.03429101019462465
4 0.4981481481481482 0.46153846153846156 0.018518518518518517 0.029657089898053754
4 0.4810185185185185 0.4643188137164041 0.019444444444444445 0.024096385542168676
4 0.462037037037037 0.4633920296570899 0.014814814814814815 0.025949953660797033
16 0.07453703703703704 0.3253012048192771 0.041666666666666664 0.018535681186283594