16 0.45740740740740743 0.3226851851851852 0.12777777777777777 0.06759259259259259
32 0.5569444444444445 0.31342592592592594 0.7194444444444444 0.4787037037037037
32 0.09953703703703703 0.7189814814814814 0.19907407407407407 0.562037037037037
32 0.9597222222222223 0.14444444444444443 0.08055555555555556 0.13703703703703704
32 0.8870370370370371 0.13055555555555556 0.09259259259259259 0.1037037037037037
32 0.2861111111111111 0.09861111111111111 0.08518518518518518 0.062037037037037036
32 0.16296296296296298 0.09074074074074075 0.07222222222222222 0.03888888888888889
32 0.41759259259259257 0.09351851851851851 0.044444444444444446 0.03888888888888889
32 0.3537037037037037 0.09166666666666666 0.05555555555555555 0.04814814814814815
29 0.49027777777777776 0.33055555555555555 0.012037037037037037 0.03518518518518519
2 0.4310185185185185 0.33240740740740743 0.03425925925925926 0.03888888888888889