16 0.4861111111111111 0.48937908496732024 0.22058823529411764 0.11601307189542484
32 0.5294117647058824 0.5073529411764706 0.9248366013071896 0.6748366013071896
32 0.9093137254901961 0.3202614379084967 0.15196078431372548 0.16339869281045752
32 0.9754901960784313 0.27124183006535946 0.049019607843137254 0.08823529411764706
29 0.5669934640522876 0.5065359477124183 0.013071895424836602 0.0457516339869281
34 0.5359477124183006 0.5089869281045751 0.029411764705882353 0.03758169934640523
17 0.5073529411764706 0.5098039215686274 0.021241830065359478 0.042483660130718956
5 0.4730392156862745 0.5089869281045751 0.021241830065359478 0.04738562091503268
5 0.4493464052287582 0.5089869281045751 0.02287581699346405 0.04411764705882353
5 0.4272875816993464 0.5081699346405228 0.021241830065359478 0.042483660130718956
5 0.4027777777777778 0.5081699346405228 0.021241830065359478 0.042483660130718956