16 0.5066666666666667 0.4013333333333333 0.18666666666666668 0.09333333333333334
32 0.5193333333333333 0.4246666666666667 0.8253333333333334 0.6893333333333334
32 0.9853333333333333 0.20933333333333334 0.029333333333333333 0.056
32 0.8853333333333333 0.19933333333333333 0.048 0.044
32 0.9533333333333334 0.212 0.050666666666666665 0.07466666666666667
32 0.854 0.17733333333333334 0.04666666666666667 0.029333333333333333
18 0.5746666666666667 0.4166666666666667 0.024 0.03333333333333333
37 0.5493333333333333 0.4166666666666667 0.024 0.036
17 0.5253333333333333 0.41533333333333333 0.016 0.036
5 0.496 0.4126666666666667 0.016 0.03866666666666667
5 0.478 0.41333333333333333 0.017333333333333333 0.037333333333333336
5 0.458 0.41133333333333333 0.017333333333333333 0.036
5 0.43866666666666665 0.412 0.018666666666666668 0.037333333333333336
32 0.082 0.24666666666666667 0.15066666666666667 0.096
32 0.06733333333333333 0.18333333333333332 0.13466666666666666 0.06266666666666666
32 0.154 0.18066666666666667 0.108 0.068