16 0.6073141486810552 0.5767754318618042 0.2314148681055156 0.09788867562380038
32 0.5491606714628298 0.5854126679462572 0.9016786570743405 0.6257197696737045
32 0.07673860911270983 0.3714011516314779 0.1342925659472422 0.18809980806142035
32 0.15347721822541965 0.3646833013435701 0.047961630695443645 0.12284069097888675
32 0.20443645083932854 0.3598848368522073 0.08752997601918465 0.12092130518234165
11 0.6894484412470024 0.5926103646833013 0.03117505995203837 0.03934740882917467
17 0.658273381294964 0.5911708253358925 0.023980815347721823 0.03262955854126679
20 0.6270983213429256 0.5926103646833013 0.026378896882494004 0.02783109404990403
5 0.5935251798561151 0.5892514395393474 0.023980815347721823 0.0345489443378119
5 0.5677458033573142 0.5892514395393474 0.022781774580335732 0.03838771593090211
5 0.5443645083932853 0.5882917466410749 0.023980815347721823 0.036468330134357005
5 0.5179856115107914 0.5878119001919386 0.023980815347721823 0.03550863723608445