16 0.6541313559322034 0.4441151566469094 0.1260593220338983 0.0550381033022862
32 0.5783898305084746 0.4280270956816257 0.6440677966101694 0.2768839966130398
32 0.06673728813559322 0.4771380186282811 0.1271186440677966 0.17696867061812024
32 0.9475635593220338 0.4449618966977138 0.1048728813559322 0.11939034716342083
32 0.1483050847457627 0.4521591871295512 0.07627118644067797 0.07281964436917866
32 0.2245762711864407 0.4441151566469094 0.036016949152542374 0.04826418289585097
32 0.1954449152542373 0.4415749364944962 0.024364406779661018 0.05334462320067739
32 0.2669491525423729 0.4394580863674852 0.03389830508474576 0.04741744284504657
20 0.7028601694915254 0.4521591871295512 0.013771186440677966 0.015241320914479255
11 0.6848516949152542 0.451735817104149 0.018008474576271187 0.021168501270110076
34 0.6657838983050848 0.45300592718035565 0.013771186440677966 0.015241320914479255
1 0.6398305084745762 0.4534292972057578 0.012711864406779662 0.021168501270110076
1 0.625 0.45300592718035565 0.012711864406779662 0.02032176121930567
1 0.6106991525423728 0.4534292972057578 0.013771186440677966 0.021168501270110076