16 0.5185185185185185 0.6225328947368421 0.1537037037037037 0.13980263157894737
32 0.500462962962963 0.5838815789473685 0.6342592592592593 0.8026315789473685
32 0.0763888888888889 0.3092105263157895 0.1527777777777778 0.20394736842105263
32 0.20092592592592592 0.2894736842105263 0.1 0.19736842105263158
32 0.8240740740740741 0.34292763157894735 0.08333333333333333 0.1069078947368421
32 0.9347222222222222 0.3338815789473684 0.10092592592592593 0.12664473684210525
32 0.7268518518518519 0.3314144736842105 0.05277777777777778 0.11677631578947369
16 0.9310185185185185 0.3675986842105263 0.025 0.024671052631578948
16 0.8347222222222223 0.33963815789473684 0.019444444444444445 0.014802631578947368
16 0.038425925925925926 0.3404605263157895 0.026851851851851852 0.01644736842105263
19 0.575462962962963 0.6447368421052632 0.017592592592592594 0.05263157894736842
15 0.5532407407407407 0.6447368421052632 0.017592592592592594 0.049342105263157895
31 0.5319444444444444 0.649671052631579 0.019444444444444445 0.04276315789473684
5 0.5009259259259259 0.6439144736842105 0.016666666666666666 0.05756578947368421
5 0.4837962962962963 0.6439144736842105 0.013888888888888888 0.05756578947368421
5 0.4666666666666667 0.6430921052631579 0.016666666666666666 0.05592105263157895