16 0.3861111111111111 0.3773148148148148 0.11481481481481481 0.06018518518518518
32 0.41944444444444445 0.37222222222222223 0.48518518518518516 0.3851851851851852
19 0.4287037037037037 0.38796296296296295 0.016666666666666666 0.025925925925925925
15 0.41203703703703703 0.38657407407407407 0.013888888888888888 0.021296296296296296
31 0.39675925925925926 0.38796296296296295 0.01574074074074074 0.018518518518518517
5 0.37407407407407406 0.38472222222222224 0.012962962962962963 0.025
5 0.3611111111111111 0.3837962962962963 0.011111111111111112 0.025
5 0.34953703703703703 0.38287037037037036 0.012037037037037037 0.026851851851851852
32 0.7337962962962963 0.24259259259259258 0.11388888888888889 0.07222222222222222
32 0.8560185185185185 0.2449074074074074 0.12685185185185185 0.075
32 0.6856481481481481 0.18611111111111112 0.06018518518518518 0.07777777777777778
32 0.6 0.1763888888888889 0.05185185185185185 0.06759259259259259
32 0.30324074074074076 0.1935185185185185 0.03611111111111111 0.024074074074074074
32 0.18009259259259258 0.1884259259259259 0.03611111111111111 0.025
16 0.7555555555555555 0.24074074074074073 0.016666666666666666 0.011111111111111112
16 0.8967592592592593 0.24537037037037038 0.013888888888888888 0.007407407407407408