16 0.6083333333333333 0.5272073921971252 0.21481481481481482 0.14271047227926079
32 0.5018518518518519 0.5 0.937037037037037 0.917864476386037
32 0.028703703703703703 0.1524640657084189 0.05740740740740741 0.11806981519507187
32 0.07361111111111111 0.1555441478439425 0.058333333333333334 0.10780287474332649
16 0.016666666666666666 0.17607802874743325 0.02962962962962963 0.015400410677618069
32 0.8634259259259259 0.11652977412731007 0.10092592592592593 0.050308008213552365
32 0.9513888888888888 0.14527720739219713 0.09722222222222222 0.04620123203285421
32 0.8564814814814815 0.14527720739219713 0.07222222222222222 0.04620123203285421
34 0.687037037037037 0.5385010266940452 0.020370370370370372 0.033880903490759756
34 0.6587962962962963 0.5400410677618069 0.021296296296296296 0.03490759753593429
34 0.6328703703703704 0.5441478439425051 0.021296296296296296 0.03490759753593429
6 0.5861111111111111 0.5441478439425051 0.025925925925925925 0.055441478439425054
6 0.5625 0.545687885010267 0.023148148148148147 0.052361396303901436
6 0.5407407407407407 0.5487679671457906 0.022222222222222223 0.048254620123203286