16 0.5425925925925926 0.45476973684210525 0.11481481481481481 0.10361842105263158
32 0.5592592592592592 0.5328947368421053 0.5537037037037037 0.868421052631579
32 0.8231481481481482 0.3462171052631579 0.08888888888888889 0.22861842105263158
32 0.9458333333333333 0.3774671052631579 0.04537037037037037 0.07401315789473684
32 0.8935185185185185 0.40707236842105265 0.046296296296296294 0.08717105263157894
32 0.887962962962963 0.3182565789473684 0.046296296296296294 0.09703947368421052
34 0.5837962962962963 0.47039473684210525 0.013888888888888888 0.029605263157894735
34 0.5675925925925925 0.46875 0.009259259259259259 0.02631578947368421
34 0.5541666666666667 0.4712171052631579 0.012037037037037037 0.027960526315789474
6 0.5287037037037037 0.4720394736842105 0.011111111111111112 0.03618421052631579
6 0.5166666666666667 0.46792763157894735 0.011111111111111112 0.03453947368421053
6 0.5050925925925925 0.46875 0.013888888888888888 0.03289473684210526