16 0.4740740740740741 0.7888888888888889 0.1537037037037037 0.11604938271604938
32 0.47175925925925927 0.5981481481481481 0.6046296296296296 0.5839506172839506
32 0.040740740740740744 0.5771604938271605 0.08148148148148149 0.2654320987654321
32 0.9666666666666667 0.4703703703703704 0.06666666666666667 0.3234567901234568
32 0.7513888888888889 0.4364197530864197 0.2064814814814815 0.21358024691358024
32 0.18564814814814815 0.45493827160493827 0.16203703703703703 0.15679012345679014
32 0.049074074074074076 0.37592592592592594 0.09259259259259259 0.1271604938271605
32 0.20185185185185187 0.37530864197530867 0.06851851851851852 0.05185185185185185
22 0.5324074074074074 0.8 0.020370370370370372 0.02962962962962963
25 0.5111111111111111 0.8049382716049382 0.020370370370370372 0.0345679012345679
34 0.4888888888888889 0.8061728395061728 0.018518518518518517 0.027160493827160494
8 0.4648148148148148 0.8074074074074075 0.014814814814814815 0.04691358024691358
8 0.44722222222222224 0.8074074074074075 0.016666666666666666 0.04197530864197531
8 0.4310185185185185 0.8135802469135802 0.01574074074074074 0.04197530864197531
8 0.4148148148148148 0.8098765432098766 0.014814814814814815 0.03950617283950617