16 0.6 0.5425925925925926 0.19814814814814816 0.13950617283950617
32 0.5564814814814815 0.46358024691358024 0.7203703703703703 0.7222222222222222
32 0.09490740740740741 0.36790123456790125 0.18981481481481483 0.3728395061728395
32 0.9412037037037037 0.35617283950617284 0.1175925925925926 0.3296296296296296
13 0.6726851851851852 0.5641975308641975 0.026851851851851852 0.0345679012345679
29 0.6472222222222223 0.5623456790123457 0.014814814814814815 0.05802469135802469
17 0.6185185185185185 0.562962962962963 0.016666666666666666 0.05185185185185185
2 0.5879629629629629 0.5641975308641975 0.020370370370370372 0.056790123456790124
2 0.5657407407407408 0.5654320987654321 0.020370370370370372 0.05432098765432099
2 0.5453703703703704 0.5666666666666667 0.018518518518518517 0.05432098765432099
2 0.524074074074074 0.5697530864197531 0.020370370370370372 0.06049382716049383