16 0.5101851851851852 0.882051282051282 0.23148148148148148 0.12512820512820513
32 0.5120370370370371 0.5728205128205128 0.9574074074074074 0.8543589743589743
32 0.05 0.29846153846153844 0.1 0.3630769230769231
32 0.0699074074074074 0.08564102564102564 0.1398148148148148 0.1712820512820513
32 0.9314814814814815 0.31025641025641026 0.13703703703703704 0.28205128205128205
11 0.5953703703703703 0.9046153846153846 0.03148148148148148 0.04923076923076923
17 0.5643518518518519 0.9035897435897436 0.025 0.04923076923076923
20 0.5310185185185186 0.902051282051282 0.026851851851851852 0.035897435897435895
0 0.49398148148148147 0.901025641025641 0.019444444444444445 0.052307692307692305
0 0.47129629629629627 0.902051282051282 0.014814814814814815 0.052307692307692305
0 0.4449074074074074 0.9015384615384615 0.019444444444444445 0.05128205128205128
0 0.4199074074074074 0.902051282051282 0.019444444444444445 0.052307692307692305