16 0.11898148148148148 0.7416666666666667 0.1361111111111111 0.1037037037037037
32 0.3824074074074074 0.5888888888888889 0.7648148148148148 0.5703703703703704
32 0.8194444444444444 0.3787037037037037 0.1425925925925926 0.20185185185185187
32 0.10833333333333334 0.375 0.21666666666666667 0.1648148148148148
32 0.21481481481481482 0.3453703703703704 0.16666666666666666 0.09074074074074075
11 0.1685185185185185 0.7615740740740741 0.018518518518518517 0.032407407407407406
15 0.14814814814814814 0.7587962962962963 0.016666666666666666 0.030555555555555555
17 0.12916666666666668 0.7550925925925925 0.013888888888888888 0.028703703703703703
0 0.1037037037037037 0.75 0.011111111111111112 0.03148148148148148
0 0.09074074074074075 0.7472222222222222 0.011111111111111112 0.03148148148148148
0 0.07777777777777778 0.7430555555555556 0.012962962962962963 0.032407407407407406