16 0.4486111111111111 0.6529329608938548 0.16944444444444445 0.14106145251396648
32 0.4532407407407407 0.5621508379888268 0.7398148148148148 0.861731843575419
32 0.9398148148148148 0.5230446927374302 0.12037037037037036 0.19692737430167598
16 0.9050925925925926 0.5237430167597765 0.025 0.030726256983240222
34 0.5111111111111111 0.6787709497206704 0.016666666666666666 0.04189944134078212
34 0.487962962962963 0.6794692737430168 0.016666666666666666 0.034916201117318434
34 0.4638888888888889 0.6787709497206704 0.018518518518518517 0.0335195530726257
5 0.4393518518518518 0.6773743016759777 0.01574074074074074 0.05307262569832402
5 0.4212962962962963 0.6773743016759777 0.016666666666666666 0.055865921787709494
5 0.4046296296296296 0.6794692737430168 0.016666666666666666 0.051675977653631286
5 0.3875 0.6773743016759777 0.017592592592592594 0.05027932960893855