16 0.3488888888888889 0.6231111111111111 0.1711111111111111 0.07466666666666667
32 0.45444444444444443 0.5004444444444445 0.7355555555555555 0.4391111111111111
32 0.04111111111111111 0.3293333333333333 0.08222222222222222 0.04533333333333334
16 0.055 0.33955555555555555 0.014444444444444444 0.0071111111111111115
13 0.41 0.6368888888888888 0.024444444444444446 0.024
29 0.38722222222222225 0.6351111111111111 0.014444444444444444 0.03111111111111111
17 0.36333333333333334 0.6342222222222222 0.015555555555555555 0.027555555555555555
2 0.33666666666666667 0.6346666666666667 0.02 0.030222222222222223
2 0.31722222222222224 0.6311111111111111 0.016666666666666666 0.028444444444444446
2 0.3 0.632 0.015555555555555555 0.028444444444444446
2 0.2833333333333333 0.6311111111111111 0.017777777777777778 0.028444444444444446