16 0.4976303317535545 0.4881516587677725 0.17772511848341233 0.07582938388625593
32 0.48459715639810425 0.5109004739336492 0.8080568720379147 0.5630331753554503
32 0.9372037914691943 0.5042654028436019 0.12559241706161137 0.2123222748815166
32 0.01066350710900474 0.42748815165876775 0.02132701421800948 0.03033175355450237
32 0.06575829383886256 0.3985781990521327 0.06516587677725119 0.031279620853080566
32 0.07879146919431279 0.4270142180094787 0.02962085308056872 0.023696682464454975
32 0.10426540284360189 0.4255924170616114 0.026066350710900472 0.024644549763033177
21 0.5657582938388626 0.5033175355450237 0.022511848341232227 0.024644549763033177
21 0.5408767772511849 0.5018957345971564 0.027251184834123223 0.023696682464454975
21 0.5148104265402843 0.500473933649289 0.022511848341232227 0.026540284360189573
5 0.4774881516587678 0.4966824644549763 0.018957345971563982 0.03033175355450237
5 0.4591232227488152 0.49715639810426543 0.015402843601895734 0.031279620853080566
5 0.43898104265402843 0.4962085308056872 0.017772511848341232 0.031279620853080566