16 0.526060606060606 0.5751515151515152 0.21333333333333335 0.11272727272727273
32 0.46060606060606063 0.42727272727272725 0.9212121212121213 0.7575757575757576
32 0.7163636363636363 0.14181818181818182 0.08484848484848485 0.07757575757575758
16 0.7181818181818181 0.14909090909090908 0.01575757575757576 0.009696969696969697
18 0.6084848484848485 0.5896969696969697 0.02666666666666667 0.04727272727272727
37 0.5745454545454546 0.5933333333333334 0.03151515151515152 0.0496969696969697
29 0.5454545454545454 0.5927272727272728 0.01696969696969697 0.041212121212121214
5 0.5127272727272727 0.5909090909090909 0.019393939393939394 0.04242424242424243
5 0.4903030303030303 0.5927272727272728 0.02303030303030303 0.04363636363636364
5 0.46606060606060606 0.5909090909090909 0.020606060606060607 0.04242424242424243
5 0.44242424242424244 0.5921212121212122 0.02181818181818182 0.044848484848484846