16 0.5555555555555556 0.4564144736842105 0.1111111111111111 0.1069078947368421
32 0.5513888888888889 0.40213815789473684 0.4564814814814815 0.4819078947368421
32 0.25324074074074077 0.40789473684210525 0.16574074074074074 0.29605263157894735
32 0.06620370370370371 0.4128289473684211 0.13240740740740742 0.24013157894736842
16 0.2518518518518518 0.43338815789473684 0.03888888888888889 0.04111842105263158
32 0.9731481481481481 0.5657894736842105 0.053703703703703705 0.14802631578947367
32 0.9606481481481481 0.44243421052631576 0.0787037037037037 0.11513157894736842
32 0.887962962962963 0.4292763157894737 0.08888888888888889 0.10855263157894737
12 0.5879629629629629 0.47368421052631576 0.016666666666666666 0.03289473684210526
37 0.5717592592592593 0.4745065789473684 0.01574074074074074 0.03453947368421053
3 0.5486111111111112 0.47286184210526316 0.010185185185185186 0.03782894736842105
3 0.5361111111111111 0.46957236842105265 0.011111111111111112 0.03453947368421053
3 0.525 0.4712171052631579 0.011111111111111112 0.03782894736842105
3 0.5148148148148148 0.47039473684210525 0.011111111111111112 0.039473684210526314