16 0.46574074074074073 0.3888888888888889 0.14444444444444443 0.07222222222222222
32 0.4638888888888889 0.3861111111111111 0.5425925925925926 0.412962962962963
32 0.925 0.4222222222222222 0.15 0.32592592592592595
32 0.10092592592592593 0.30648148148148147 0.20185185185185187 0.2796296296296296
22 0.5175925925925926 0.4009259259259259 0.020370370370370372 0.027777777777777776
22 0.4981481481481482 0.399537037037037 0.018518518518518517 0.023148148148148147
22 0.4791666666666667 0.4013888888888889 0.019444444444444445 0.021296296296296296
5 0.45740740740740743 0.4009259259259259 0.014814814814814815 0.027777777777777776
5 0.44351851851851853 0.4027777777777778 0.014814814814814815 0.02962962962962963
9 0.4263888888888889 0.40185185185185185 0.013888888888888888 0.027777777777777776
9 0.4111111111111111 0.40185185185185185 0.016666666666666666 0.02962962962962963