16 0.4828703703703704 0.582716049382716 0.262037037037037 0.17530864197530865
32 0.4898148148148148 0.4487654320987654 0.9555555555555556 0.8975308641975308
32 0.05277777777777778 0.053703703703703705 0.10555555555555556 0.10740740740740741
32 0.16342592592592592 0.03580246913580247 0.14166666666666666 0.07160493827160494
21 0.5805555555555556 0.6160493827160494 0.03333333333333333 0.04691358024691358
21 0.5430555555555555 0.6148148148148148 0.03425925925925926 0.04691358024691358
21 0.5055555555555555 0.6148148148148148 0.03518518518518519 0.05432098765432099
4 0.46435185185185185 0.6117283950617284 0.021296296296296296 0.050617283950617285
4 0.43796296296296294 0.6092592592592593 0.020370370370370372 0.050617283950617285
4 0.40879629629629627 0.6111111111111112 0.021296296296296296 0.04938271604938271
4 0.37916666666666665 0.6104938271604938 0.023148148148148147 0.050617283950617285