16 0.5388888888888889 0.5 0.21851851851851853 0.11632270168855535
32 0.5472222222222223 0.48874296435272047 0.9055555555555556 0.6622889305816135
32 0.20092592592592592 0.2945590994371482 0.09074074074074075 0.13133208255159476
32 0.030555555555555555 0.2903377110694184 0.05555555555555555 0.051594746716697934
16 0.02361111111111111 0.2959662288930582 0.013888888888888888 0.008442776735459663
29 0.6231481481481481 0.5168855534709194 0.016666666666666666 0.05065666041275797
29 0.5893518518518519 0.5178236397748592 0.017592592592592594 0.04690431519699812
29 0.5601851851851852 0.5173545966228893 0.016666666666666666 0.04409005628517824
6 0.525 0.5159474671669794 0.024074074074074074 0.0450281425891182
6 0.5009259259259259 0.5145403377110694 0.022222222222222223 0.040337711069418386
6 0.4773148148148148 0.5164165103189493 0.021296296296296296 0.040337711069418386
6 0.4537037037037037 0.5159474671669794 0.022222222222222223 0.039399624765478425