16 0.48194444444444445 0.5484972677595629 0.22870370370370371 0.17349726775956284
32 0.49027777777777776 0.5204918032786885 0.9601851851851851 0.9426229508196722
32 0.022685185185185187 0.34494535519125685 0.04351851851851852 0.0778688524590164
32 0.9333333333333333 0.3435792349726776 0.13333333333333333 0.2226775956284153
16 0.9810185185185185 0.3975409836065574 0.03796296296296296 0.04918032786885246
29 0.5694444444444444 0.5778688524590164 0.014814814814814815 0.07377049180327869
29 0.5375 0.5758196721311475 0.012037037037037037 0.07513661202185792
29 0.5055555555555555 0.5765027322404371 0.011111111111111112 0.07650273224043716
6 0.4685185185185185 0.5703551912568307 0.024074074074074074 0.06967213114754098
6 0.44351851851851853 0.5676229508196722 0.022222222222222223 0.06967213114754098
6 0.4185185185185185 0.5676229508196722 0.022222222222222223 0.06420765027322405
6 0.3958333333333333 0.5648907103825137 0.023148148148148147 0.06420765027322405