16 0.37407407407407406 0.7536945812807881 0.18518518518518517 0.17733990147783252
32 0.4773148148148148 0.5016420361247947 0.7768518518518519 0.825944170771757
32 0.13148148148148148 0.3949096880131363 0.26296296296296295 0.6124794745484401
32 0.7810185185185186 0.0812807881773399 0.14907407407407408 0.14942528735632185
32 0.17777777777777778 0.11904761904761904 0.053703703703703705 0.06403940886699508
20 0.44074074074074077 0.7848932676518884 0.020370370370370372 0.052545155993431854
24 0.41388888888888886 0.7807881773399015 0.022222222222222223 0.054187192118226604
19 0.3888888888888889 0.7791461412151067 0.022222222222222223 0.07389162561576355
5 0.36018518518518516 0.777504105090312 0.018518518518518517 0.07717569786535304
5 0.3425925925925926 0.7742200328407225 0.018518518518518517 0.07060755336617405
5 0.325 0.7758620689655172 0.018518518518518517 0.07389162561576355
5 0.3050925925925926 0.7725779967159278 0.01574074074074074 0.06732348111658457