16 0.7268518518518519 0.4722762645914397 0.1648148148148148 0.10408560311284047
32 0.5203703703703704 0.4406614785992218 0.9333333333333333 0.6439688715953308
32 0.040740740740740744 0.26459143968871596 0.07777777777777778 0.19066147859922178
32 0.8898148148148148 0.26507782101167315 0.22037037037037038 0.16828793774319067
18 0.7842592592592592 0.48540856031128404 0.016666666666666666 0.033073929961089495
18 0.7643518518518518 0.48540856031128404 0.01574074074074074 0.0311284046692607
18 0.7412037037037037 0.48735408560311283 0.01574074074074074 0.033073929961089495
5 0.7175925925925926 0.48735408560311283 0.016666666666666666 0.03501945525291829
5 0.7018518518518518 0.48686770428015563 0.016666666666666666 0.03599221789883268
5 0.6847222222222222 0.4888132295719844 0.01574074074074074 0.03599221789883268
5 0.6662037037037037 0.4888132295719844 0.017592592592592594 0.03599221789883268