16 0.14166666666666666 0.6296891747052519 0.11851851851851852 0.10396570203644159
32 0.44537037037037036 0.4062165058949625 0.8611111111111112 0.6087888531618435
32 0.9203703703703704 0.22508038585209003 0.11851851851851852 0.24437299035369775
32 0.1388888888888889 0.21436227224008575 0.2777777777777778 0.1457663451232583
18 0.18287037037037038 0.6521972132904609 0.012037037037037037 0.03322615219721329
18 0.16620370370370371 0.6463022508038585 0.013888888888888888 0.03215434083601286
18 0.15092592592592594 0.6446945337620579 0.012962962962962963 0.028938906752411574
5 0.13472222222222222 0.6377277599142551 0.013888888888888888 0.03429796355841372
5 0.12175925925925926 0.6361200428724545 0.012037037037037037 0.03536977491961415
5 0.11157407407407408 0.6334405144694534 0.012037037037037037 0.03644158628081458
5 0.10092592592592593 0.6307609860664523 0.011111111111111112 0.03536977491961415