16 0.4828703703703704 0.42598684210526316 0.1527777777777778 0.13815789473684212
32 0.4708333333333333 0.37664473684210525 0.6064814814814815 0.7532894736842105
32 0.11064814814814815 0.09868421052631579 0.21203703703703702 0.19736842105263158
32 0.23564814814814813 0.05592105263157895 0.075 0.1118421052631579
16 0.049074074074074076 0.1118421052631579 0.04259259259259259 0.04276315789473684
20 0.5430555555555555 0.44819078947368424 0.01574074074074074 0.06085526315789474
20 0.5203703703703704 0.4473684210526316 0.020370370370370372 0.05263157894736842
20 0.4981481481481482 0.45148026315789475 0.018518518518518517 0.047697368421052634
3 0.4726851851851852 0.44819078947368424 0.019444444444444445 0.06085526315789474
3 0.45694444444444443 0.4465460526315789 0.01574074074074074 0.054276315789473686
3 0.44074074074074077 0.4457236842105263 0.016666666666666666 0.05921052631578947
3 0.42453703703703705 0.44901315789473684 0.019444444444444445 0.0625