16 0.11898148148148148 0.6049382716049383 0.09722222222222222 0.07407407407407407
16 0.7944444444444444 0.4876543209876543 0.13333333333333333 0.09135802469135802
32 0.6865740740740741 0.48333333333333334 0.6268518518518519 0.6135802469135803
32 0.14444444444444443 0.47469135802469137 0.28888888888888886 0.41358024691358025
32 0.35462962962962963 0.4308641975308642 0.06481481481481481 0.20493827160493827
32 0.3189814814814815 0.37777777777777777 0.03611111111111111 0.0691358024691358
34 0.15324074074074073 0.6191358024691358 0.008333333333333333 0.020987654320987655
15 0.14027777777777778 0.6160493827160494 0.010185185185185186 0.024691358024691357
37 0.12777777777777777 0.6160493827160494 0.011111111111111112 0.024691358024691357
0 0.11157407407407408 0.6148148148148148 0.005555555555555556 0.022222222222222223
6 0.10277777777777777 0.6154320987654321 0.009259259259259259 0.02345679012345679
2 0.09305555555555556 0.6129629629629629 0.008333333333333333 0.02345679012345679
1 0.08425925925925926 0.6141975308641975 0.009259259259259259 0.02345679012345679
34 0.8430555555555556 0.5030864197530864 0.012037037037037037 0.025925925925925925
15 0.8245370370370371 0.5 0.013888888888888888 0.03209876543209877
11 0.8055555555555556 0.5 0.018518518518518517 0.037037037037037035
3 0.787962962962963 0.5 0.012962962962962963 0.037037037037037035
3 0.7731481481481481 0.4993827160493827 0.012962962962962963 0.03827160493827161
3 0.7592592592592593 0.5006172839506173 0.012962962962962963 0.03333333333333333
3 0.7462962962962963 0.5 0.012962962962962963 0.0345679012345679