16 0.525390625 0.5754985754985755 0.16276041666666666 0.09401709401709402
32 0.4967447916666667 0.5049857549857549 0.7330729166666666 0.5826210826210826
32 0.047526041666666664 0.4544159544159544 0.09505208333333333 0.32763532763532766
32 0.8717447916666666 0.25997150997151 0.2565104166666667 0.5085470085470085
32 0.048177083333333336 0.30982905982905984 0.09635416666666667 0.1752136752136752
32 0.18098958333333334 0.3368945868945869 0.10416666666666667 0.12108262108262108
16 0.9772135416666666 0.39672364672364674 0.045572916666666664 0.04700854700854701
23 0.5852864583333334 0.5904558404558404 0.01953125 0.03276353276353276
15 0.5625 0.5911680911680912 0.018229166666666668 0.03418803418803419
19 0.541015625 0.5897435897435898 0.01953125 0.03418803418803419
5 0.5084635416666666 0.5911680911680912 0.016927083333333332 0.042735042735042736
5 0.4889322916666667 0.5911680911680912 0.014322916666666666 0.037037037037037035
5 0.4720052083333333 0.5897435897435898 0.016927083333333332 0.037037037037037035