16 0.45925925925925926 0.49588815789473684 0.13333333333333333 0.13322368421052633
32 0.6194444444444445 0.5139802631578947 0.7462962962962963 0.7976973684210527
32 0.25462962962962965 0.33963815789473684 0.22407407407407406 0.3305921052631579
32 0.12962962962962962 0.5526315789473685 0.25 0.8947368421052632
32 0.2671296296296296 0.12664473684210525 0.3435185185185185 0.24342105263157895
16 0.23148148148148148 0.4506578947368421 0.03425925925925926 0.07894736842105263
23 0.5041666666666667 0.5238486842105263 0.01574074074074074 0.05098684210526316
11 0.4847222222222222 0.5197368421052632 0.017592592592592594 0.05592105263157895
17 0.4671296296296296 0.5197368421052632 0.013888888888888888 0.05592105263157895
6 0.4462962962962963 0.5123355263157895 0.012962962962962963 0.047697368421052634
6 0.43333333333333335 0.5139802631578947 0.012962962962962963 0.05098684210526316
6 0.4203703703703704 0.5106907894736842 0.012962962962962963 0.05098684210526316
6 0.40694444444444444 0.5139802631578947 0.012037037037037037 0.054276315789473686