16 0.6990740740740741 0.5461538461538461 0.06481481481481481 0.05982905982905983
16 0.18888888888888888 0.6367521367521367 0.06851851851851852 0.06666666666666667
32 0.225 0.6170940170940171 0.3351851851851852 0.41367521367521365
32 0.6518518518518519 0.5811965811965812 0.32407407407407407 0.4547008547008547
34 0.21435185185185185 0.6478632478632479 0.008333333333333333 0.017094017094017096
34 0.2050925925925926 0.6478632478632479 0.006481481481481481 0.017094017094017096
34 0.19537037037037036 0.6487179487179487 0.007407407407407408 0.018803418803418803
2 0.18472222222222223 0.6452991452991453 0.006481481481481481 0.022222222222222223
2 0.17777777777777778 0.647008547008547 0.007407407407407408 0.022222222222222223
2 0.16944444444444445 0.647008547008547 0.007407407407407408 0.022222222222222223
2 0.16296296296296298 0.6487179487179487 0.007407407407407408 0.022222222222222223
17 0.7208333333333333 0.5512820512820513 0.006481481481481481 0.022222222222222223
17 0.712037037037037 0.5521367521367522 0.005555555555555556 0.020512820512820513
17 0.7046296296296296 0.5512820512820513 0.007407407407407408 0.022222222222222223
2 0.6949074074074074 0.5521367521367522 0.006481481481481481 0.023931623931623933
2 0.6875 0.5512820512820513 0.006481481481481481 0.022222222222222223
2 0.6819444444444445 0.552991452991453 0.006481481481481481 0.02564102564102564
2 0.675 0.5521367521367522 0.005555555555555556 0.023931623931623933