16 0.524074074074074 0.7907407407407407 0.1962962962962963 0.07962962962962963
32 0.512962962962963 0.44814814814814813 0.7222222222222222 0.7592592592592593
32 0.8 0.0712962962962963 0.10740740740740741 0.053703703703703705
32 0.5648148148148148 0.06527777777777778 0.044444444444444446 0.023148148148148147
16 0.8291666666666667 0.08888888888888889 0.012037037037037037 0.007407407407407408
26 0.5976851851851852 0.8013888888888889 0.025 0.03425925925925926
25 0.5694444444444444 0.8064814814814815 0.025925925925925925 0.025925925925925925
18 0.5407407407407407 0.8064814814814815 0.024074074074074074 0.027777777777777776
4 0.5097222222222222 0.8074074074074075 0.021296296296296296 0.025925925925925925
4 0.48842592592592593 0.8055555555555556 0.017592592592592594 0.027777777777777776
4 0.4671296296296296 0.8027777777777778 0.019444444444444445 0.027777777777777776
4 0.44351851851851853 0.8013888888888889 0.020370370370370372 0.023148148148148147