16 0.5254629629629629 0.6898148148148148 0.19537037037037036 0.09259259259259259
32 0.49537037037037035 0.4527777777777778 0.7092592592592593 0.5833333333333334
32 0.19074074074074074 0.20324074074074075 0.12962962962962962 0.09907407407407408
32 0.7944444444444444 0.25046296296296294 0.1648148148148148 0.09907407407407408
32 0.26157407407407407 0.17407407407407408 0.0787037037037037 0.037037037037037035
32 0.6828703703703703 0.19305555555555556 0.03425925925925926 0.026851851851851852
32 0.7689814814814815 0.20046296296296295 0.10462962962962963 0.05462962962962963
26 0.5990740740740741 0.6976851851851852 0.024074074074074074 0.041666666666666664
25 0.5726851851851852 0.7018518518518518 0.026851851851851852 0.03148148148148148
18 0.5453703703703704 0.7037037037037037 0.020370370370370372 0.037037037037037035
4 0.512962962962963 0.7069444444444445 0.018518518518518517 0.032407407407407406
4 0.49212962962962964 0.7055555555555556 0.019444444444444445 0.02962962962962963
4 0.47129629629629627 0.7069444444444445 0.016666666666666666 0.028703703703703703
4 0.45 0.7083333333333334 0.020370370370370372 0.03148148148148148