16 0.18101851851851852 0.3537037037037037 0.11018518518518519 0.053703703703703705
16 0.7074074074074074 0.3578703703703704 0.1925925925925926 0.09537037037037037
32 0.6722222222222223 0.3111111111111111 0.6555555555555556 0.5148148148148148
32 0.17685185185185184 0.2490740740740741 0.3277777777777778 0.32037037037037036
32 0.02361111111111111 0.15046296296296297 0.04351851851851852 0.12685185185185185
22 0.7805555555555556 0.3736111111111111 0.027777777777777776 0.030555555555555555
22 0.7546296296296297 0.37222222222222223 0.026851851851851852 0.027777777777777776
22 0.7231481481481481 0.3731481481481482 0.03148148148148148 0.025925925925925925
0 0.6958333333333333 0.37175925925925923 0.01574074074074074 0.03981481481481482
0 0.674537037037037 0.3712962962962963 0.012037037037037037 0.03888888888888889
0 0.6541666666666667 0.3699074074074074 0.012037037037037037 0.04351851851851852
0 0.6310185185185185 0.3699074074074074 0.01574074074074074 0.03796296296296296
22 0.22175925925925927 0.36203703703703705 0.013888888888888888 0.014814814814814815
20 0.20555555555555555 0.36157407407407405 0.012962962962962963 0.01574074074074074
11 0.1912037037037037 0.3611111111111111 0.012037037037037037 0.020370370370370372
5 0.17592592592592593 0.36064814814814816 0.009259259259259259 0.021296296296296296
4 0.16435185185185186 0.3597222222222222 0.010185185185185186 0.013888888888888888
8 0.1537037037037037 0.36064814814814816 0.009259259259259259 0.021296296296296296
8 0.14212962962962963 0.35833333333333334 0.010185185185185186 0.022222222222222223