16 0.48937908496732024 0.7810457516339869 0.1715686274509804 0.11982570806100218
32 0.45098039215686275 0.5642701525054467 0.6503267973856209 0.6274509803921569
32 0.06944444444444445 0.34967320261437906 0.1388888888888889 0.24183006535947713
32 0.7303921568627451 0.3213507625272331 0.11437908496732026 0.10239651416122005
16 0.761437908496732 0.32679738562091504 0.026143790849673203 0.017429193899782137
13 0.5416666666666666 0.7984749455337691 0.021241830065359478 0.032679738562091505
25 0.5163398692810458 0.8006535947712419 0.0196078431372549 0.04139433551198257
5 0.47875816993464054 0.8006535947712419 0.016339869281045753 0.0457516339869281
5 0.4591503267973856 0.8028322440087146 0.016339869281045753 0.05010893246187364
5 0.4411764705882353 0.8017429193899782 0.0196078431372549 0.04793028322440087
5 0.4223856209150327 0.8028322440087146 0.017973856209150325 0.0457516339869281