16 0.4837962962962963 0.7287037037037037 0.18425925925925926 0.09259259259259259
32 0.4722222222222222 0.48148148148148145 0.737037037037037 0.6074074074074074
32 0.8944444444444445 0.2814814814814815 0.2111111111111111 0.12962962962962962
32 0.9453703703703704 0.4777777777777778 0.10925925925925926 0.42592592592592593
32 0.23333333333333334 0.2518518518518518 0.08148148148148149 0.07777777777777778
32 0.12222222222222222 0.24537037037037038 0.08518518518518518 0.07222222222222222
12 0.5518518518518518 0.7388888888888889 0.024074074074074074 0.03148148148148148
12 0.5268518518518519 0.737037037037037 0.025925925925925925 0.03148148148148148
12 0.49907407407407406 0.7384259259259259 0.025925925925925925 0.030555555555555555
3 0.4601851851851852 0.7393518518518518 0.018518518518518517 0.03611111111111111
3 0.44074074074074077 0.7388888888888889 0.016666666666666666 0.03518518518518519