16 0.5038888888888889 0.6448888888888888 0.16111111111111112 0.06133333333333333
32 0.5055555555555555 0.4826666666666667 0.6422222222222222 0.4746666666666667
32 0.19555555555555557 0.35688888888888887 0.1 0.232
32 0.8066666666666666 0.26355555555555554 0.08444444444444445 0.029333333333333333
32 0.305 0.25866666666666666 0.05 0.02311111111111111
37 0.5622222222222222 0.6537777777777778 0.02 0.018666666666666668
18 0.5416666666666666 0.6551111111111111 0.01888888888888889 0.017777777777777778
29 0.5188888888888888 0.6555555555555556 0.011111111111111112 0.022222222222222223
5 0.4866666666666667 0.6573333333333333 0.017777777777777778 0.020444444444444446
5 0.46944444444444444 0.6573333333333333 0.016666666666666666 0.020444444444444446
5 0.45111111111111113 0.6568888888888889 0.017777777777777778 0.019555555555555555