16 0.5020161290322581 0.7553763440860215 0.16532258064516128 0.08602150537634409
32 0.508736559139785 0.5456989247311828 0.7513440860215054 0.5725806451612904
32 0.07459677419354839 0.4596774193548387 0.14919354838709678 0.2768817204301075
32 0.946236559139785 0.47513440860215056 0.10752688172043011 0.2674731182795699
32 0.7762096774193549 0.36223118279569894 0.15188172043010753 0.16263440860215053
32 0.198252688172043 0.3702956989247312 0.17069892473118278 0.1303763440860215
32 0.8756720430107527 0.3219086021505376 0.07123655913978495 0.08198924731182795
11 0.5678763440860215 0.7647849462365591 0.025537634408602152 0.03763440860215054
22 0.5436827956989247 0.7688172043010753 0.0228494623655914 0.026881720430107527
15 0.5181451612903226 0.7681451612903226 0.01747311827956989 0.036290322580645164
6 0.4825268817204301 0.7661290322580645 0.01881720430107527 0.03763440860215054
6 0.4637096774193548 0.7668010752688172 0.01881720430107527 0.036290322580645164
6 0.4435483870967742 0.7674731182795699 0.016129032258064516 0.03225806451612903