16 0.17277777777777778 0.516 0.09666666666666666 0.036444444444444446
16 0.8044444444444444 0.5964444444444444 0.09333333333333334 0.042666666666666665
32 0.7311111111111112 0.528 0.4711111111111111 0.25066666666666665
32 0.2111111111111111 0.5057777777777778 0.36 0.2328888888888889
32 0.08166666666666667 0.39644444444444443 0.09888888888888889 0.044444444444444446
32 0.5672222222222222 0.39911111111111114 0.06777777777777778 0.04088888888888889
32 0.7033333333333334 0.3857777777777778 0.03111111111111111 0.017777777777777778
32 0.2866666666666667 0.38177777777777777 0.05555555555555555 0.016888888888888887
32 0.36666666666666664 0.3808888888888889 0.042222222222222223 0.011555555555555555
32 0.42833333333333334 0.38133333333333336 0.03666666666666667 0.010666666666666666
16 0.5611111111111111 0.4142222222222222 0.011111111111111112 0.005333333333333333
16 0.7011111111111111 0.38533333333333336 0.006666666666666667 0.0026666666666666666
29 0.20833333333333334 0.5208888888888888 0.005555555555555556 0.016
22 0.19444444444444445 0.5217777777777778 0.013333333333333334 0.012444444444444444
34 0.18222222222222223 0.5217777777777778 0.008888888888888889 0.010666666666666666
3 0.16777777777777778 0.5213333333333333 0.008888888888888889 0.015111111111111112
3 0.15777777777777777 0.5226666666666666 0.008888888888888889 0.016
3 0.14777777777777779 0.5217777777777778 0.008888888888888889 0.014222222222222223
3 0.13833333333333334 0.5222222222222223 0.0077777777777777776 0.015111111111111112
23 0.8394444444444444 0.6004444444444444 0.012222222222222223 0.015111111111111112
22 0.8261111111111111 0.6013333333333334 0.014444444444444444 0.011555555555555555
29 0.8138888888888889 0.6017777777777777 0.0077777777777777776 0.014222222222222223
4 0.7983333333333333 0.6026666666666667 0.01 0.012444444444444444
1 0.7894444444444444 0.6017777777777777 0.01 0.014222222222222223
4 0.78 0.6031111111111112 0.008888888888888889 0.011555555555555555
3 0.7694444444444445 0.6031111111111112 0.01 0.016888888888888887