16 0.49611973392461195 0.5595555555555556 0.22283813747228381 0.09155555555555556
32 0.49445676274944567 0.4657777777777778 0.917960088691796 0.5902222222222222
32 0.9223946784922394 0.24711111111111111 0.15521064301552107 0.24177777777777779
32 0.06651884700665188 0.2995555555555556 0.13303769401330376 0.21511111111111111
17 0.5837028824833703 0.5742222222222222 0.02106430155210643 0.037333333333333336
21 0.5493348115299335 0.5768888888888889 0.03215077605321508 0.030222222222222223
20 0.5149667405764967 0.5764444444444444 0.025498891352549888 0.027555555555555555
0 0.48004434589800443 0.5728888888888889 0.017738359201773836 0.03822222222222222
0 0.4556541019955654 0.5733333333333334 0.017738359201773836 0.03911111111111111
0 0.4318181818181818 0.5746666666666667 0.018847006651884702 0.04
0 0.4074279379157428 0.5746666666666667 0.02106430155210643 0.03822222222222222