16 0.8317708333333333 0.8347222222222223 0.08020833333333334 0.058333333333333334
16 0.4984375 0.8173611111111111 0.078125 0.05694444444444444
16 0.15729166666666666 0.6597222222222222 0.06458333333333334 0.044444444444444446
32 0.184375 0.5895833333333333 0.30416666666666664 0.3375
32 0.49635416666666665 0.6555555555555556 0.2989583333333333 0.4166666666666667
32 0.8104166666666667 0.6611111111111111 0.3125 0.4305555555555556
32 0.9229166666666667 0.5756944444444444 0.15416666666666667 0.37916666666666665
32 0.35208333333333336 0.47430555555555554 0.04791666666666667 0.14583333333333334
32 0.3807291666666667 0.4708333333333333 0.034375 0.06944444444444445
29 0.18333333333333332 0.6666666666666666 0.00625 0.019444444444444445
22 0.17291666666666666 0.6673611111111111 0.010416666666666666 0.015277777777777777
29 0.1640625 0.6673611111111111 0.005208333333333333 0.018055555555555554
1 0.15520833333333334 0.6673611111111111 0.008333333333333333 0.018055555555555554
8 0.14739583333333334 0.6673611111111111 0.007291666666666667 0.018055555555555554
3 0.140625 0.66875 0.00625 0.018055555555555554
6 0.1328125 0.6680555555555555 0.007291666666666667 0.016666666666666666
20 0.5291666666666667 0.8284722222222223 0.010416666666666666 0.018055555555555554
24 0.5182291666666666 0.8270833333333333 0.009375 0.018055555555555554
13 0.50625 0.8270833333333333 0.010416666666666666 0.018055555555555554
5 0.4890625 0.8236111111111111 0.009375 0.025
4 0.48020833333333335 0.8236111111111111 0.008333333333333333 0.016666666666666666
0 0.4713541666666667 0.8222222222222222 0.005208333333333333 0.025
19 0.8557291666666667 0.8444444444444444 0.011458333333333333 0.019444444444444445
23 0.84375 0.84375 0.0125 0.018055555555555554
6 0.8276041666666667 0.8388888888888889 0.007291666666666667 0.019444444444444445
2 0.8203125 0.8381944444444445 0.007291666666666667 0.020833333333333332
6 0.8119791666666667 0.8375 0.007291666666666667 0.019444444444444445
9 0.803125 0.8368055555555556 0.008333333333333333 0.018055555555555554