16 0.48194444444444445 0.743421052631579 0.14166666666666666 0.11513157894736842
16 0.04398148148148148 0.3840460526315789 0.08611111111111111 0.07730263157894737
32 0.47638888888888886 0.43832236842105265 0.5916666666666667 0.8766447368421053
32 0.9481481481481482 0.42351973684210525 0.1037037037037037 0.7055921052631579
32 0.1162037037037037 0.22615131578947367 0.22685185185185186 0.45230263157894735
32 0.7532407407407408 0.0649671052631579 0.05277777777777778 0.06414473684210527
37 0.5356481481481481 0.7680921052631579 0.017592592592592594 0.046052631578947366
18 0.5152777777777777 0.765625 0.017592592592592594 0.03782894736842105
29 0.49537037037037035 0.765625 0.009259259259259259 0.047697368421052634
5 0.46620370370370373 0.765625 0.01574074074074074 0.04111842105263158
5 0.44907407407407407 0.765625 0.012962962962962963 0.04111842105263158
5 0.43472222222222223 0.7639802631578947 0.01574074074074074 0.04111842105263158
18 0.07453703703703704 0.39555921052631576 0.010185185185185186 0.024671052631578948
34 0.06342592592592593 0.39555921052631576 0.008333333333333333 0.02138157894736842
24 0.052314814814814814 0.39473684210526316 0.010185185185185186 0.02631578947368421
0 0.032407407407407406 0.39473684210526316 0.007407407407407408 0.02631578947368421
4 0.024074074074074074 0.3939144736842105 0.009259259259259259 0.02138157894736842
1 0.015277777777777777 0.39473684210526316 0.008333333333333333 0.029605263157894735