16 0.3773148148148148 0.5633223684210527 0.05092592592592592 0.05098684210526316
32 0.3958333333333333 0.5756578947368421 0.23981481481481481 0.32894736842105265
32 0.8143518518518519 0.5814144736842105 0.3712962962962963 0.34375
32 0.18101851851851852 0.5600328947368421 0.36203703703703705 0.44901315789473684
32 0.6208333333333333 0.569078947368421 0.04722222222222222 0.14802631578947367
32 0.5939814814814814 0.5707236842105263 0.032407407407407406 0.125
32 0.5300925925925926 0.5666118421052632 0.028703703703703703 0.11677631578947369
32 0.5518518518518518 0.5592105263157895 0.03333333333333333 0.09210526315789473
22 0.38796296296296295 0.571546052631579 0.009259259259259259 0.018092105263157895
0 0.3731481481481482 0.5699013157894737 0.003703703703703704 0.02138157894736842
0 0.3680555555555556 0.5699013157894737 0.004629629629629629 0.02138157894736842
0 0.362962962962963 0.571546052631579 0.003703703703703704 0.018092105263157895
0 0.3574074074074074 0.571546052631579 0.003703703703703704 0.02138157894736842