16 0.5 0.4901315789473684 0.07037037037037037 0.06907894736842106
32 0.49953703703703706 0.46710526315789475 0.2861111111111111 0.3618421052631579
32 0.09444444444444444 0.44819078947368424 0.18888888888888888 0.4095394736842105
32 0.2800925925925926 0.3873355263157895 0.12314814814814815 0.18914473684210525
32 0.9421296296296297 0.537828947368421 0.11388888888888889 0.14473684210526316
16 0.27824074074074073 0.3774671052631579 0.02962962962962963 0.03782894736842105
16 0.9902777777777778 0.5657894736842105 0.013888888888888888 0.013157894736842105
18 0.525 0.5032894736842105 0.007407407407407408 0.02631578947368421
22 0.5152777777777777 0.5008223684210527 0.010185185185185186 0.02138157894736842
20 0.5069444444444444 0.49917763157894735 0.006481481481481481 0.024671052631578948
8 0.49166666666666664 0.4975328947368421 0.007407407407407408 0.02138157894736842
8 0.4842592592592593 0.4975328947368421 0.007407407407407408 0.024671052631578948
8 0.47638888888888886 0.4967105263157895 0.008333333333333333 0.023026315789473683