16 0.5405 0.6992786293958522 0.167 0.08025247971145176
32 0.49 0.6753832281334535 0.748 0.5356176735798016
32 0.9105 0.5013525698827773 0.179 0.13525698827772767
32 0.793 0.47610459873760147 0.098 0.09017132551848513
32 0.163 0.46077547339945896 0.06 0.0757439134355275
22 0.601 0.7096483318304779 0.02 0.019837691614066726
11 0.5795 0.7082957619477006 0.021 0.027953110910730387
34 0.5575 0.7100991884580703 0.015 0.020739404869251576
2 0.5305 0.7096483318304779 0.015 0.027051397655545536
2 0.514 0.7110009017132551 0.014 0.027953110910730387
2 0.497 0.7132551848512173 0.014 0.028854824165915238
2 0.4785 0.7132551848512173 0.015 0.030658250676284943