16 0.4727932285368803 0.6311970979443773 0.10157194679564692 0.053204353083434096
32 0.49032648125755746 0.5 0.501813784764208 0.46795646916565903
32 0.9480048367593712 0.5096735187424426 0.10399032648125756 0.2720677146311971
32 0.8198307134220073 0.39721886336154777 0.06287787182587666 0.03506650544135429
32 0.9117291414752116 0.40447400241837966 0.06771463119709795 0.03506650544135429
32 0.879081015719468 0.3966142684401451 0.03143893591293833 0.026602176541717048
12 0.5151148730350665 0.6378476420798065 0.014510278113663845 0.022974607013301087
20 0.4987908101571947 0.6396614268440145 0.013301088270858524 0.016928657799274487
22 0.4836759371221282 0.6402660217654171 0.014510278113663845 0.018137847642079808
0 0.4655380894800484 0.6390568319226119 0.007255139056831923 0.022974607013301087
0 0.4534461910519952 0.6402660217654171 0.007255139056831923 0.022974607013301087
0 0.4419588875453446 0.6402660217654171 0.008464328899637243 0.022974607013301087
0 0.42926239419588874 0.6390568319226119 0.009673518742442563 0.022974607013301087