16 0.387037037037037 0.562962962962963 0.12777777777777777 0.07037037037037037
32 0.49907407407407406 0.425 0.6277777777777778 0.4462962962962963
32 0.8703703703703703 0.3421296296296296 0.07592592592592592 0.08425925925925926
32 0.9435185185185185 0.3148148148148148 0.08148148148148149 0.046296296296296294
32 0.8106481481481481 0.33194444444444443 0.049074074074074076 0.13425925925925927
18 0.43148148148148147 0.575462962962963 0.016666666666666666 0.023148148148148147
18 0.412962962962963 0.5736111111111111 0.014814814814814815 0.025
18 0.3972222222222222 0.575 0.014814814814814815 0.022222222222222223
5 0.37777777777777777 0.5745370370370371 0.014814814814814815 0.028703703703703703
5 0.3648148148148148 0.5736111111111111 0.012962962962962963 0.025
5 0.3523148148148148 0.5726851851851852 0.013888888888888888 0.025
5 0.3384259259259259 0.5736111111111111 0.012037037037037037 0.026851851851851852