16 0.4822222222222222 0.43244444444444446 0.18666666666666668 0.08444444444444445
32 0.47888888888888886 0.4026666666666667 0.7133333333333334 0.5208888888888888
32 0.8944444444444445 0.35733333333333334 0.15333333333333332 0.4017777777777778
32 0.9266666666666666 0.15733333333333333 0.07111111111111111 0.028444444444444446
32 0.8794444444444445 0.1608888888888889 0.03666666666666667 0.048
32 0.8422222222222222 0.1648888888888889 0.035555555555555556 0.034666666666666665
11 0.55 0.44622222222222224 0.024444444444444446 0.033777777777777775
34 0.5261111111111111 0.4471111111111111 0.016666666666666666 0.02311111111111111
15 0.49777777777777776 0.4444444444444444 0.02 0.028444444444444446
8 0.46944444444444444 0.4448888888888889 0.01888888888888889 0.029333333333333333
8 0.4494444444444444 0.44355555555555554 0.01888888888888889 0.032
8 0.4305555555555556 0.4431111111111111 0.01888888888888889 0.027555555555555555
8 0.40944444444444444 0.444 0.01888888888888889 0.029333333333333333