16 0.48055555555555557 0.44814814814814813 0.13333333333333333 0.06851851851851852
32 0.45185185185185184 0.4898148148148148 0.6 0.45
32 0.7694444444444445 0.4462962962962963 0.10925925925925926 0.17037037037037037
16 0.7481481481481481 0.4462962962962963 0.027777777777777776 0.020370370370370372
18 0.5305555555555556 0.4587962962962963 0.014814814814814815 0.023148148148148147
18 0.5120370370370371 0.4601851851851852 0.018518518518518517 0.024074074074074074
18 0.49212962962962964 0.4587962962962963 0.017592592592592594 0.025
5 0.4740740740740741 0.4597222222222222 0.014814814814814815 0.026851851851851852
5 0.4583333333333333 0.45925925925925926 0.014814814814814815 0.027777777777777776
5 0.4444444444444444 0.45925925925925926 0.014814814814814815 0.027777777777777776
5 0.4305555555555556 0.46111111111111114 0.012962962962962963 0.02962962962962963