16 0.505718954248366 0.5441176470588235 0.1323529411764706 0.0718954248366013
32 0.5147058823529411 0.6102941176470589 0.6258169934640523 0.5212418300653595
32 0.9550653594771242 0.5727124183006536 0.08986928104575163 0.2369281045751634
32 0.9076797385620915 0.5106209150326797 0.10947712418300654 0.09967320261437909
32 0.05555555555555555 0.5678104575163399 0.1111111111111111 0.2107843137254902
34 0.5547385620915033 0.553921568627451 0.014705882352941176 0.02287581699346405
13 0.5367647058823529 0.5531045751633987 0.014705882352941176 0.021241830065359478
31 0.5196078431372549 0.553921568627451 0.016339869281045753 0.02287581699346405
4 0.49836601307189543 0.5531045751633987 0.00980392156862745 0.024509803921568627
4 0.4861111111111111 0.553921568627451 0.011437908496732025 0.0196078431372549
4 0.4714052287581699 0.5547385620915033 0.011437908496732025 0.021241830065359478
4 0.45751633986928103 0.5547385620915033 0.00980392156862745 0.021241830065359478