16 0.5537037037037037 0.4444444444444444 0.1685185185185185 0.08518518518518518
19 0.6175925925925926 0.45740740740740743 0.022222222222222223 0.03888888888888889
19 0.5944444444444444 0.45555555555555555 0.020370370370370372 0.04259259259259259
19 0.5680555555555555 0.45555555555555555 0.025 0.03333333333333333
1 0.5351851851851852 0.4546296296296296 0.018518518518518517 0.03518518518518519
1 0.5175925925925926 0.4537037037037037 0.020370370370370372 0.037037037037037035
1 0.4981481481481482 0.45555555555555555 0.020370370370370372 0.03333333333333333
32 0.5421296296296296 0.42453703703703705 0.6712962962962963 0.4546296296296296
32 0.1337962962962963 0.3 0.10092592592592593 0.06481481481481481
32 0.8824074074074074 0.3125 0.18333333333333332 0.21203703703703702
16 0.1175925925925926 0.31342592592592594 0.014814814814814815 0.008333333333333333
16 0.8537037037037037 0.3476851851851852 0.04814814814814815 0.026851851851851852
32 0.9824074074074074 0.35694444444444445 0.03518518518518519 0.1398148148148148