16 0.37546296296296294 0.7532894736842105 0.1824074074074074 0.17434210526315788
32 0.4685185185185185 0.5189144736842105 0.8240740740740741 0.8700657894736842
32 0.09444444444444444 0.3996710526315789 0.18888888888888888 0.5921052631578947
32 0.7810185185185186 0.08305921052631579 0.14907407407407408 0.16611842105263158
32 0.9643518518518519 0.08223684210526316 0.06944444444444445 0.16447368421052633
16 0.7976851851851852 0.07319078947368421 0.028703703703703703 0.02138157894736842
20 0.4393518518518518 0.7861842105263158 0.023148148148148147 0.05263157894736842
24 0.41388888888888886 0.7804276315789473 0.024074074074074074 0.05756578947368421
19 0.3888888888888889 0.7779605263157895 0.022222222222222223 0.07236842105263158
5 0.36018518518518516 0.7754934210526315 0.016666666666666666 0.06743421052631579
5 0.3416666666666667 0.7754934210526315 0.016666666666666666 0.06743421052631579
5 0.32222222222222224 0.774671052631579 0.016666666666666666 0.06907894736842106
5 0.3050925925925926 0.7754934210526315 0.01574074074074074 0.07072368421052631