16 0.5356481481481481 0.6902777777777778 0.15833333333333333 0.0787037037037037
32 0.5370370370370371 0.4740740740740741 0.7296296296296296 0.5962962962962963
32 0.07037037037037037 0.375 0.14074074074074075 0.4648148148148148
32 0.9324074074074075 0.44351851851851853 0.13518518518518519 0.5018518518518519
32 0.25601851851851853 0.17592592592592593 0.08055555555555556 0.05740740740740741
31 0.5990740740740741 0.7083333333333334 0.024074074074074074 0.027777777777777776
20 0.575925925925926 0.7097222222222223 0.020370370370370372 0.023148148148148147
24 0.5537037037037037 0.7069444444444445 0.022222222222222223 0.028703703703703703
5 0.524537037037037 0.7046296296296296 0.017592592592592594 0.03148148148148148
5 0.5064814814814815 0.7041666666666667 0.016666666666666666 0.030555555555555555
5 0.4898148148148148 0.7032407407407407 0.016666666666666666 0.03425925925925926
5 0.4708333333333333 0.7023148148148148 0.01574074074074074 0.030555555555555555