16 0.5430555555555555 0.38980263157894735 0.12129629629629629 0.11513157894736842
32 0.5125 0.4120065789473684 0.4898148148148148 0.6430921052631579
32 0.8 0.26644736842105265 0.13703703703703704 0.23684210526315788
32 0.9254629629629629 0.3248355263157895 0.14907407407407408 0.2779605263157895
16 0.8384259259259259 0.2935855263157895 0.026851851851851852 0.027960526315789474
20 0.587037037037037 0.4128289473684211 0.014814814814814815 0.039473684210526314
20 0.5708333333333333 0.4128289473684211 0.01574074074074074 0.03289473684210526
20 0.5518518518518518 0.4128289473684211 0.014814814814814815 0.029605263157894735
2 0.5342592592592592 0.40542763157894735 0.012962962962962963 0.04111842105263158
2 0.5212962962962963 0.40460526315789475 0.012962962962962963 0.04276315789473684
2 0.5083333333333333 0.40131578947368424 0.011111111111111112 0.046052631578947366
2 0.49537037037037035 0.40131578947368424 0.011111111111111112 0.04276315789473684