16 0.4439814814814815 0.5726643598615917 0.14537037037037037 0.13494809688581316
32 0.44814814814814813 0.5467128027681661 0.65 0.7335640138408305
32 0.8675925925925926 0.4204152249134948 0.25555555555555554 0.3217993079584775
16 0.8763888888888889 0.40657439446366783 0.05555555555555555 0.05190311418685121
22 0.8967592592592593 0.41522491349480967 0.008333333333333333 0.01730103806228374
34 0.8888888888888888 0.41695501730103807 0.005555555555555556 0.01730103806228374
12 0.8810185185185185 0.41522491349480967 0.008333333333333333 0.020761245674740483
4 0.8712962962962963 0.41695501730103807 0.005555555555555556 0.01730103806228374
6 0.8652777777777778 0.41608996539792387 0.006481481481481481 0.01903114186851211
1 0.8578703703703704 0.41695501730103807 0.006481481481481481 0.020761245674740483
9 0.8527777777777777 0.41695501730103807 0.005555555555555556 0.020761245674740483
17 0.49953703703703706 0.5882352941176471 0.012037037037037037 0.05536332179930796
21 0.4777777777777778 0.5916955017301038 0.024074074074074074 0.04844290657439446
20 0.45787037037037037 0.5986159169550173 0.017592592592592594 0.03806228373702422
0 0.43287037037037035 0.5934256055363322 0.012037037037037037 0.04844290657439446
0 0.4166666666666667 0.5908304498269896 0.012962962962962963 0.050173010380622836
0 0.4013888888888889 0.5899653979238755 0.012037037037037037 0.05190311418685121
0 0.38472222222222224 0.5942906574394463 0.012037037037037037 0.05363321799307959