16 0.5152777777777777 0.8037848605577689 0.20833333333333334 0.10956175298804781
32 0.49166666666666664 0.5796812749003984 0.8351851851851851 0.6932270916334662
32 0.9361111111111111 0.3904382470119522 0.12777777777777777 0.26693227091633465
32 0.10462962962962963 0.32768924302788843 0.15 0.1553784860557769
32 0.03425925925925926 0.475597609561753 0.06851851851851852 0.24601593625498008
16 0.11481481481481481 0.3466135458167331 0.04259259259259259 0.035856573705179286
16 0.9773148148148149 0.4631474103585657 0.04537037037037037 0.045816733067729085
17 0.5939814814814814 0.8182270916334662 0.021296296296296296 0.046812749003984064
17 0.5652777777777778 0.8187250996015937 0.019444444444444445 0.043824701195219126
17 0.5342592592592592 0.8187250996015937 0.020370370370370372 0.0398406374501992
1 0.49166666666666664 0.8197211155378487 0.018518518518518517 0.043824701195219126
1 0.46944444444444444 0.8202191235059761 0.022222222222222223 0.044820717131474105
1 0.44351851851851853 0.8202191235059761 0.018518518518518517 0.046812749003984064