16 0.46842105263157896 0.42844444444444446 0.23157894736842105 0.11022222222222222
32 0.4926315789473684 0.4097777777777778 0.96 0.6133333333333333
32 0.06421052631578947 0.24444444444444444 0.12842105263157894 0.21155555555555555
32 0.9173684210526316 0.18755555555555556 0.1631578947368421 0.09066666666666667
29 0.5568421052631579 0.44755555555555554 0.014736842105263158 0.04711111111111111
34 0.5252631578947369 0.4493333333333333 0.031578947368421054 0.034666666666666665
17 0.4905263157894737 0.44622222222222224 0.029473684210526315 0.044444444444444446
0 0.45210526315789473 0.44533333333333336 0.017894736842105262 0.048
0 0.4263157894736842 0.44266666666666665 0.018947368421052633 0.042666666666666665
0 0.4010526315789474 0.4431111111111111 0.018947368421052633 0.04711111111111111
0 0.3763157894736842 0.44044444444444447 0.017894736842105262 0.04711111111111111