16 0.475 0.5964444444444444 0.2011111111111111 0.08355555555555555
32 0.48 0.43955555555555553 0.8333333333333334 0.5182222222222223
32 0.16055555555555556 0.17733333333333334 0.09666666666666666 0.059555555555555556
32 0.2777777777777778 0.17022222222222222 0.12222222222222222 0.06133333333333333
32 0.8011111111111111 0.21288888888888888 0.06222222222222222 0.11288888888888889
32 0.43833333333333335 0.17155555555555554 0.08555555555555555 0.032
32 0.8427777777777777 0.18266666666666667 0.06111111111111111 0.04533333333333334
32 0.9338888888888889 0.1817777777777778 0.05444444444444444 0.041777777777777775
32 0.35777777777777775 0.1648888888888889 0.03777777777777778 0.03288888888888889
16 0.15611111111111112 0.1968888888888889 0.01888888888888889 0.009777777777777778
12 0.5522222222222222 0.6057777777777777 0.028888888888888888 0.03111111111111111
13 0.5227777777777778 0.6097777777777778 0.027777777777777776 0.024888888888888887
34 0.49333333333333335 0.6115555555555555 0.02 0.02311111111111111
5 0.46166666666666667 0.6097777777777778 0.01888888888888889 0.033777777777777775
5 0.4388888888888889 0.6084444444444445 0.022222222222222223 0.034666666666666665
5 0.41555555555555557 0.608 0.02 0.035555555555555556
5 0.3933333333333333 0.6097777777777778 0.022222222222222223 0.032