16 0.4074074074074074 0.6085526315789473 0.1 0.08552631578947369
32 0.3925925925925926 0.34868421052631576 0.4166666666666667 0.6052631578947368
32 0.047685185185185185 0.17434210526315788 0.09537037037037037 0.19736842105263158
32 0.9027777777777778 0.16447368421052633 0.19166666666666668 0.23026315789473684
32 0.7578703703703704 0.1118421052631579 0.1361111111111111 0.21052631578947367
32 0.6564814814814814 0.08552631578947369 0.09444444444444444 0.16447368421052633
32 0.5569444444444445 0.08223684210526316 0.0787037037037037 0.13815789473684212
32 0.49907407407407406 0.06661184210526316 0.03518518518518519 0.07401315789473684
12 0.4449074074074074 0.6151315789473685 0.012037037037037037 0.029605263157894735
12 0.4305555555555556 0.6167763157894737 0.012962962962962963 0.02631578947368421
12 0.41759259259259257 0.6175986842105263 0.011111111111111112 0.027960526315789474
4 0.40185185185185185 0.6241776315789473 0.009259259259259259 0.024671052631578948
4 0.3912037037037037 0.6241776315789473 0.010185185185185186 0.027960526315789474
4 0.3814814814814815 0.6233552631578947 0.011111111111111112 0.02631578947368421
4 0.36898148148148147 0.6233552631578947 0.010185185185185186 0.02631578947368421