16 0.5032407407407408 0.6754629629629629 0.21574074074074073 0.10462962962962963
32 0.5009259259259259 0.41759259259259257 0.9425925925925925 0.7462962962962963
32 0.9287037037037037 0.1037037037037037 0.1425925925925926 0.15925925925925927
32 0.06296296296296296 0.25277777777777777 0.12222222222222222 0.22777777777777777
32 0.10833333333333334 0.08888888888888889 0.21666666666666667 0.16296296296296298
32 0.1712962962962963 0.04259259259259259 0.13518518518518519 0.08518518518518518
32 0.649537037037037 0.0412037037037037 0.08425925925925926 0.049074074074074076
32 0.2671296296296296 0.03564814814814815 0.08425925925925926 0.049074074074074076
32 0.5523148148148148 0.028703703703703703 0.04722222222222222 0.020370370370370372
32 0.525 0.019444444444444445 0.053703703703703705 0.03333333333333333
31 0.5574074074074075 0.6930555555555555 0.03888888888888889 0.04351851851851852
0 0.45601851851851855 0.6916666666666667 0.025 0.03888888888888889