16 0.5263888888888889 0.6828703703703703 0.20277777777777778 0.10092592592592593
32 0.5425925925925926 0.4046296296296296 0.8962962962962963 0.7648148148148148
32 0.10925925925925926 0.07314814814814814 0.21481481481481482 0.14629629629629629
32 0.9763888888888889 0.10092592592592593 0.04722222222222222 0.11851851851851852
32 0.874537037037037 0.09212962962962963 0.13796296296296295 0.14537037037037037
16 0.040740740740740744 0.11296296296296296 0.040740740740740744 0.024074074074074074
11 0.6069444444444444 0.7037037037037037 0.026851851851851852 0.046296296296296294
22 0.5773148148148148 0.7032407407407407 0.028703703703703703 0.030555555555555555
15 0.5462962962962963 0.7 0.024074074074074074 0.037037037037037035
3 0.5041666666666667 0.6995370370370371 0.021296296296296296 0.041666666666666664
3 0.48009259259259257 0.6962962962962963 0.021296296296296296 0.040740740740740744
3 0.45555555555555555 0.6967592592592593 0.020370370370370372 0.041666666666666664