16 0.4483333333333333 0.6004444444444444 0.17666666666666667 0.06844444444444445
32 0.4888888888888889 0.37333333333333335 0.7333333333333333 0.5511111111111111
32 0.10333333333333333 0.1622222222222222 0.14444444444444443 0.296
32 0.21666666666666667 0.064 0.16 0.096
32 0.9138888888888889 0.06666666666666667 0.11 0.044444444444444446
32 0.7894444444444444 0.058222222222222224 0.09222222222222222 0.04
32 0.3616666666666667 0.04044444444444444 0.08333333333333333 0.03288888888888889
12 0.5138888888888888 0.612 0.023333333333333334 0.024
13 0.49 0.6133333333333333 0.02 0.019555555555555555
34 0.46555555555555556 0.6124444444444445 0.02 0.016
5 0.43666666666666665 0.6102222222222222 0.015555555555555555 0.025777777777777778
5 0.41833333333333333 0.6102222222222222 0.01888888888888889 0.022222222222222223
5 0.3983333333333333 0.6084444444444445 0.01888888888888889 0.024
5 0.38222222222222224 0.608 0.017777777777777778 0.02311111111111111