16 0.5288888888888889 0.8084444444444444 0.2644444444444444 0.09333333333333334
32 0.49444444444444446 0.5493333333333333 0.9088888888888889 0.6506666666666666
32 0.09 0.3257777777777778 0.10666666666666667 0.19644444444444445
32 0.8411111111111111 0.29155555555555557 0.23333333333333334 0.19733333333333333
32 0.185 0.22666666666666666 0.19444444444444445 0.08
32 0.365 0.2 0.16333333333333333 0.035555555555555556
32 0.5744444444444444 0.20355555555555555 0.18 0.04088888888888889
32 0.7294444444444445 0.21822222222222223 0.16777777777777778 0.072
29 0.6083333333333333 0.82 0.01888888888888889 0.034666666666666665
20 0.57 0.8253333333333334 0.028888888888888888 0.025777777777777778
3 0.5116666666666667 0.824 0.023333333333333334 0.033777777777777775
3 0.48333333333333334 0.8248888888888889 0.022222222222222223 0.033777777777777775
3 0.45555555555555555 0.8257777777777778 0.024444444444444446 0.032
3 0.4255555555555556 0.8244444444444444 0.025555555555555557 0.03288888888888889