16 0.6824074074074075 0.6217592592592592 0.08148148148148149 0.04537037037037037
32 0.4685185185185185 0.5555555555555556 0.7222222222222222 0.37777777777777777
32 0.17592592592592593 0.42962962962962964 0.12222222222222222 0.12962962962962962
32 0.9574074074074074 0.5787037037037037 0.08518518518518518 0.13148148148148148
20 0.7138888888888889 0.6305555555555555 0.009259259259259259 0.014814814814814815
11 0.7018518518518518 0.6300925925925925 0.009259259259259259 0.019444444444444445
31 0.6912037037037037 0.6319444444444444 0.010185185185185186 0.013888888888888888
6 0.6777777777777778 0.6282407407407408 0.009259259259259259 0.017592592592592594
6 0.6689814814814815 0.6287037037037037 0.008333333333333333 0.016666666666666666
6 0.6597222222222222 0.6291666666666667 0.008333333333333333 0.017592592592592594
6 0.6513888888888889 0.6282407407407408 0.008333333333333333 0.017592592592592594