16 0.37592592592592594 0.6333333333333333 0.16111111111111112 0.14320987654320988
32 0.5032407407407408 0.412962962962963 0.6787037037037037 0.7691358024691358
32 0.961574074074074 0.2820987654320988 0.07685185185185185 0.2876543209876543
31 0.43657407407407406 0.6660493827160494 0.021296296296296296 0.04567901234567901
31 0.41388888888888886 0.6574074074074074 0.025925925925925925 0.03827160493827161
31 0.3902777777777778 0.6567901234567901 0.021296296296296296 0.03209876543209877
6 0.362962962962963 0.645679012345679 0.016666666666666666 0.04691358024691358
6 0.3472222222222222 0.6388888888888888 0.016666666666666666 0.043209876543209874
6 0.3296296296296296 0.6370370370370371 0.016666666666666666 0.04691358024691358
6 0.3125 0.6358024691358025 0.017592592592592594 0.037037037037037035
32 0.9407407407407408 0.22160493827160493 0.05740740740740741 0.16913580246913582