16 0.28555555555555556 0.6222222222222222 0.17333333333333334 0.09955555555555555
32 0.47555555555555556 0.4622222222222222 0.7955555555555556 0.512
32 0.8605555555555555 0.25822222222222224 0.20777777777777778 0.13422222222222221
32 0.6055555555555555 0.19155555555555556 0.20222222222222222 0.04711111111111111
32 0.7294444444444445 0.20266666666666666 0.052222222222222225 0.024888888888888887
29 0.335 0.6422222222222222 0.021111111111111112 0.03288888888888889
20 0.31055555555555553 0.6417777777777778 0.025555555555555557 0.02666666666666667
3 0.26944444444444443 0.6333333333333333 0.016666666666666666 0.03111111111111111
3 0.25222222222222224 0.6306666666666667 0.017777777777777778 0.03288888888888889
3 0.23444444444444446 0.6266666666666667 0.017777777777777778 0.032
3 0.21666666666666667 0.6231111111111111 0.017777777777777778 0.032