16 0.44537037037037036 0.3271604938271605 0.12777777777777777 0.08641975308641975
32 0.4597222222222222 0.2851851851851852 0.5398148148148149 0.528395061728395
15 0.4925925925925926 0.3388888888888889 0.014814814814814815 0.03580246913580247
15 0.47453703703703703 0.3388888888888889 0.013888888888888888 0.03580246913580247
15 0.45694444444444443 0.3376543209876543 0.013888888888888888 0.03333333333333333
0 0.4356481481481482 0.3351851851851852 0.010185185185185186 0.03333333333333333
0 0.42314814814814816 0.33827160493827163 0.009259259259259259 0.03209876543209877
0 0.40925925925925927 0.337037037037037 0.009259259259259259 0.03209876543209877
0 0.3958333333333333 0.3358024691358025 0.010185185185185186 0.037037037037037035
32 0.913425925925926 0.09753086419753086 0.11944444444444445 0.13333333333333333
32 0.7870370370370371 0.09506172839506173 0.13333333333333333 0.14074074074074075
32 0.6921296296296297 0.08888888888888889 0.08981481481481482 0.15555555555555556
32 0.10972222222222222 0.15246913580246912 0.2175925925925926 0.1814814814814815
32 0.2625 0.08148148148148149 0.0787037037037037 0.09382716049382717
32 0.16111111111111112 0.0691358024691358 0.1111111111111111 0.07407407407407407
16 0.2726851851851852 0.09753086419753086 0.026851851851851852 0.022222222222222223