16 0.47055555555555556 0.3844444444444444 0.12333333333333334 0.050666666666666665
32 0.4711111111111111 0.39866666666666667 0.54 0.31377777777777777
32 0.20333333333333334 0.31244444444444447 0.1111111111111111 0.10755555555555556
32 0.05555555555555555 0.3302222222222222 0.1111111111111111 0.08088888888888889
15 0.5166666666666667 0.3933333333333333 0.015555555555555555 0.020444444444444446
15 0.4988888888888889 0.39244444444444443 0.015555555555555555 0.020444444444444446
15 0.4822222222222222 0.3928888888888889 0.013333333333333334 0.019555555555555555
0 0.46111111111111114 0.3937777777777778 0.011111111111111112 0.019555555555555555
0 0.45055555555555554 0.3933333333333333 0.01 0.020444444444444446
0 0.4361111111111111 0.3928888888888889 0.012222222222222223 0.021333333333333333
0 0.42277777777777775 0.3933333333333333 0.01 0.020444444444444446