16 0.30333333333333334 0.6208888888888889 0.13555555555555557 0.06133333333333333
32 0.3977777777777778 0.6328888888888888 0.72 0.36977777777777776
32 0.7916666666666666 0.5533333333333333 0.18333333333333332 0.10044444444444445
32 0.9383333333333334 0.5626666666666666 0.058888888888888886 0.128
15 0.3511111111111111 0.6288888888888889 0.015555555555555555 0.020444444444444446
15 0.3322222222222222 0.6284444444444445 0.015555555555555555 0.019555555555555555
15 0.3161111111111111 0.6302222222222222 0.012222222222222223 0.019555555555555555
0 0.29444444444444445 0.6297777777777778 0.011111111111111112 0.020444444444444446
0 0.2822222222222222 0.6297777777777778 0.013333333333333334 0.020444444444444446
0 0.2677777777777778 0.6293333333333333 0.011111111111111112 0.02311111111111111
0 0.2538888888888889 0.6306666666666667 0.012222222222222223 0.020444444444444446
16 0.7766666666666666 0.5511111111111111 0.024444444444444446 0.016