16 0.5416666666666666 0.5164473684210527 0.07962962962962963 0.07894736842105263
32 0.5370370370370371 0.5444078947368421 0.35185185185185186 0.45394736842105265
32 0.3125 0.5123355263157895 0.1037037037037037 0.19901315789473684
32 0.9041666666666667 0.5542763157894737 0.19166666666666668 0.2532894736842105
32 0.03935185185185185 0.555921052631579 0.0787037037037037 0.27960526315789475
32 0.7462962962962963 0.4909539473684211 0.0962962962962963 0.18914473684210525
32 0.24259259259259258 0.5139802631578947 0.03518518518518519 0.1299342105263158
16 0.3314814814814815 0.5427631578947368 0.03518518518518519 0.03289473684210526
16 0.7467592592592592 0.5106907894736842 0.030555555555555555 0.024671052631578948
29 0.5703703703703704 0.5296052631578947 0.005555555555555556 0.029605263157894735
22 0.5597222222222222 0.5296052631578947 0.012037037037037037 0.019736842105263157
34 0.5481481481481482 0.53125 0.008333333333333333 0.023026315789473683
0 0.5226851851851851 0.5287828947368421 0.006481481481481481 0.024671052631578948