16 0.45 0.5639481000926784 0.08703703703703704 0.056533827618164965
32 0.6537037037037037 0.5384615384615384 0.6925925925925925 0.40222428174235403
32 0.14629629629629629 0.5783132530120482 0.2740740740740741 0.2557924003707136
32 0.9268518518518518 0.3586654309545876 0.14629629629629629 0.0871177015755329
32 0.5217592592592593 0.36654309545875813 0.19907407407407407 0.08989805375347544
16 0.4444444444444444 0.3948100092678406 0.014814814814814815 0.014828544949026877
12 0.4828703703703704 0.5699721964782206 0.012037037037037037 0.018535681186283594
12 0.4699074074074074 0.5695088044485634 0.012037037037037037 0.018535681186283594
12 0.4587962962962963 0.5699721964782206 0.012037037037037037 0.018535681186283594
5 0.44537037037037036 0.5713623725671918 0.007407407407407408 0.023169601482854494
5 0.4375 0.5708989805375347 0.010185185185185186 0.022242817423540315
5 0.4273148148148148 0.5704355885078777 0.006481481481481481 0.021316033364226137
5 0.41898148148148145 0.5704355885078777 0.008333333333333333 0.019462465245597776