16 0.44012345679012344 0.6611111111111111 0.1469135802469136 0.0728395061728395
32 0.4648148148148148 0.4641975308641975 0.6382716049382716 0.5407407407407407
32 0.23950617283950618 0.25 0.1654320987654321 0.13209876543209875
32 0.0808641975308642 0.2765432098765432 0.1345679012345679 0.2617283950617284
32 0.9746913580246913 0.27901234567901234 0.050617283950617285 0.06419753086419754
32 0.9024691358024691 0.25308641975308643 0.1037037037037037 0.08641975308641975
32 0.7777777777777778 0.2382716049382716 0.05185185185185185 0.06172839506172839
32 0.7179012345679012 0.23271604938271606 0.07037037037037037 0.06296296296296296
16 0.967283950617284 0.2858024691358025 0.020987654320987655 0.016049382716049384
16 0.8672839506172839 0.2740740740740741 0.013580246913580247 0.012345679012345678
29 0.47962962962962963 0.6728395061728395 0.02345679012345679 0.03209876543209877
0 0.4308641975308642 0.6728395061728395 0.012345679012345678 0.02962962962962963
0 0.412962962962963 0.6722222222222223 0.013580246913580247 0.03333333333333333
0 0.39567901234567904 0.671604938271605 0.013580246913580247 0.03209876543209877
0 0.3802469135802469 0.6709876543209876 0.012345679012345678 0.030864197530864196