16 0.17037037037037037 0.5432098765432098 0.05740740740740741 0.04197530864197531
16 0.5013888888888889 0.587037037037037 0.10277777777777777 0.07037037037037037
32 0.513425925925926 0.5567901234567901 0.43796296296296294 0.34814814814814815
32 0.17962962962962964 0.5203703703703704 0.2388888888888889 0.25555555555555554
32 0.043055555555555555 0.4802469135802469 0.0712962962962963 0.16790123456790124
12 0.5416666666666666 0.5969135802469135 0.012962962962962963 0.028395061728395062
12 0.5268518518518519 0.595679012345679 0.014814814814814815 0.025925925925925925
12 0.5115740740740741 0.5969135802469135 0.012037037037037037 0.025925925925925925
5 0.4949074074074074 0.5975308641975309 0.010185185185185186 0.027160493827160494
5 0.4837962962962963 0.6 0.012037037037037037 0.027160493827160494
5 0.4726851851851852 0.5987654320987654 0.010185185185185186 0.027160493827160494
5 0.4615740740740741 0.5987654320987654 0.010185185185185186 0.02962962962962963
29 0.19074074074074074 0.5487654320987654 0.005555555555555556 0.016049382716049384
15 0.18333333333333332 0.5481481481481482 0.007407407407407408 0.014814814814814815
37 0.17546296296296296 0.5493827160493827 0.006481481481481481 0.014814814814814815
6 0.16620370370370371 0.5493827160493827 0.006481481481481481 0.014814814814814815
5 0.16064814814814815 0.55 0.004629629629629629 0.016049382716049384
4 0.15462962962962962 0.5487654320987654 0.005555555555555556 0.013580246913580247
5 0.14814814814814814 0.5512345679012346 0.005555555555555556 0.016049382716049384