16 0.42777777777777776 0.43733333333333335 0.24 0.11555555555555555
32 0.5055555555555555 0.3626666666666667 0.9222222222222223 0.7004444444444444
32 0.04722222222222222 0.08355555555555555 0.03 0.032
32 0.058333333333333334 0.07111111111111111 0.056666666666666664 0.035555555555555556
32 0.12777777777777777 0.07244444444444445 0.06444444444444444 0.04
12 0.515 0.45511111111111113 0.034444444444444444 0.037333333333333336
12 0.47888888888888886 0.45422222222222225 0.03333333333333333 0.035555555555555556
12 0.44333333333333336 0.45022222222222225 0.03333333333333333 0.034666666666666665
3 0.4066666666666667 0.452 0.022222222222222223 0.04
3 0.38166666666666665 0.4493333333333333 0.023333333333333334 0.04
3 0.3561111111111111 0.44622222222222224 0.021111111111111112 0.037333333333333336
3 0.3333333333333333 0.4457777777777778 0.02 0.03822222222222222