16 0.5564814814814815 0.5120370370370371 0.10185185185185185 0.06296296296296296
32 0.42962962962962964 0.537962962962963 0.6370370370370371 0.46111111111111114
32 0.8935185185185185 0.5898148148148148 0.21296296296296297 0.31666666666666665
32 0.11296296296296296 0.462037037037037 0.08518518518518518 0.13148148148148148
22 0.5925925925925926 0.525 0.012962962962962963 0.020370370370370372
29 0.5796296296296296 0.5236111111111111 0.005555555555555556 0.023148148148148147
17 0.5666666666666667 0.5231481481481481 0.009259259259259259 0.020370370370370372
5 0.5518518518518518 0.5231481481481481 0.009259259259259259 0.024074074074074074
5 0.5407407407407407 0.5222222222222223 0.009259259259259259 0.024074074074074074
5 0.5291666666666667 0.5212962962962963 0.010185185185185186 0.022222222222222223
5 0.5189814814814815 0.5208333333333334 0.010185185185185186 0.023148148148148147