16 0.45666666666666667 0.46844444444444444 0.15555555555555556 0.06577777777777778
16 0.8411111111111111 0.268 0.06444444444444444 0.027555555555555555
32 0.47888888888888886 0.36088888888888887 0.6644444444444444 0.3982222222222222
32 0.84 0.2693333333333333 0.24444444444444444 0.17955555555555555
29 0.4905555555555556 0.47955555555555557 0.016666666666666666 0.027555555555555555
8 0.4216666666666667 0.47688888888888886 0.025555555555555557 0.022222222222222223
15 0.8644444444444445 0.2728888888888889 0.008888888888888889 0.010666666666666666
29 0.855 0.2733333333333333 0.005555555555555556 0.009777777777777778
24 0.8466666666666667 0.2733333333333333 0.006666666666666667 0.008
8 0.8338888888888889 0.2728888888888889 0.0077777777777777776 0.010666666666666666
2 0.8277777777777777 0.2728888888888889 0.006666666666666667 0.010666666666666666
5 0.8216666666666667 0.27244444444444443 0.0077777777777777776 0.009777777777777778