16 0.44351851851851853 0.5767326732673267 0.13333333333333333 0.08663366336633663
32 0.4824074074074074 0.3193069306930693 0.6370370370370371 0.6336633663366337
32 0.0824074074074074 0.18564356435643564 0.15925925925925927 0.3712871287128713
32 0.9527777777777777 0.3347772277227723 0.09444444444444444 0.41707920792079206
32 0.861574074074074 0.0686881188118812 0.09907407407407408 0.10767326732673267
32 0.9787037037037037 0.06064356435643564 0.04259259259259259 0.10891089108910891
32 0.7648148148148148 0.06002475247524752 0.04259259259259259 0.07797029702970297
16 0.8532407407407407 0.10952970297029703 0.026851851851851852 0.01608910891089109
29 0.4930555555555556 0.5915841584158416 0.010185185185185186 0.0297029702970297
13 0.47453703703703703 0.5922029702970297 0.017592592592592594 0.02103960396039604
17 0.4550925925925926 0.588490099009901 0.013888888888888888 0.028465346534653466
8 0.43425925925925923 0.5860148514851485 0.012962962962962963 0.03094059405940594
8 0.4203703703703704 0.5841584158415841 0.012962962962962963 0.027227722772277228
8 0.4064814814814815 0.5829207920792079 0.012962962962962963 0.027227722772277228
8 0.39305555555555555 0.5823019801980198 0.012037037037037037 0.03094059405940594