16 0.11990740740740741 0.582716049382716 0.05648148148148148 0.03950617283950617
16 0.5819444444444445 0.5567901234567901 0.10277777777777777 0.0691358024691358
32 0.5587962962962963 0.5123456790123457 0.4601851851851852 0.49876543209876545
29 0.6208333333333333 0.5654320987654321 0.008333333333333333 0.027160493827160494
13 0.6074074074074074 0.567283950617284 0.014814814814814815 0.020987654320987655
17 0.5921296296296297 0.567283950617284 0.012037037037037037 0.028395061728395062
8 0.5768518518518518 0.5691358024691358 0.011111111111111112 0.02962962962962963
8 0.5652777777777778 0.567283950617284 0.010185185185185186 0.030864197530864196
8 0.5546296296296296 0.5666666666666667 0.011111111111111112 0.027160493827160494
8 0.5444444444444444 0.567283950617284 0.011111111111111112 0.030864197530864196
32 0.1337962962962963 0.5944444444444444 0.24166666666666667 0.2382716049382716
11 0.13657407407407407 0.5888888888888889 0.008333333333333333 0.014814814814814815
15 0.12824074074074074 0.5888888888888889 0.007407407407407408 0.014814814814814815
6 0.11666666666666667 0.5895061728395061 0.005555555555555556 0.013580246913580247
1 0.1111111111111111 0.5895061728395061 0.005555555555555556 0.013580246913580247
3 0.10416666666666667 0.5901234567901235 0.006481481481481481 0.014814814814814815
4 0.09953703703703703 0.5907407407407408 0.006481481481481481 0.013580246913580247