16 0.47129629629629627 0.6105610561056105 0.10185185185185185 0.0924092409240924
16 0.7981481481481482 0.3721122112211221 0.07037037037037037 0.07095709570957096
32 0.45694444444444443 0.4158415841584158 0.4398148148148148 0.6039603960396039
32 0.8337962962962963 0.3069306930693069 0.33240740740740743 0.5775577557755776
32 0.11481481481481481 0.4372937293729373 0.22962962962962963 0.5379537953795379
32 0.2310185185185185 0.27805280528052806 0.09537037037037037 0.12706270627062707
19 0.5087962962962963 0.6237623762376238 0.013888888888888888 0.036303630363036306
19 0.49444444444444446 0.6237623762376238 0.012962962962962963 0.033003300330033
2 0.4638888888888889 0.6270627062706271 0.011111111111111112 0.036303630363036306
2 0.4537037037037037 0.6262376237623762 0.009259259259259259 0.034653465346534656
2 0.4439814814814815 0.6278877887788779 0.010185185185185186 0.034653465346534656
2 0.4324074074074074 0.6295379537953796 0.011111111111111112 0.034653465346534656
12 0.8138888888888889 0.38283828382838286 0.011111111111111112 0.0231023102310231
25 0.8032407407407407 0.38778877887788776 0.010185185185185186 0.0231023102310231
4 0.7865740740740741 0.38366336633663367 0.008333333333333333 0.018151815181518153
6 0.7782407407407408 0.38366336633663367 0.008333333333333333 0.028052805280528052
8 0.7703703703703704 0.38283828382838286 0.007407407407407408 0.0231023102310231