16 0.5120370370370371 0.6608910891089109 0.1388888888888889 0.08663366336633663
32 0.5078703703703704 0.42883663366336633 0.5064814814814815 0.6150990099009901
32 0.9143518518518519 0.3069306930693069 0.1712962962962963 0.41089108910891087
32 0.9444444444444444 0.06992574257425743 0.1111111111111111 0.07549504950495049
32 0.8009259259259259 0.07301980198019802 0.11666666666666667 0.0891089108910891
32 0.6546296296296297 0.06373762376237624 0.11666666666666667 0.0853960396039604
32 0.5407407407407407 0.0686881188118812 0.11481481481481481 0.07301980198019802
32 0.42314814814814816 0.05631188118811881 0.12222222222222222 0.08292079207920793
32 0.1712962962962963 0.043316831683168314 0.06111111111111111 0.07178217821782178
32 0.33240740740740743 0.07054455445544554 0.05185185185185185 0.07178217821782178
32 0.2569444444444444 0.06002475247524752 0.07314814814814814 0.06806930693069307
32 0.10787037037037037 0.05693069306930693 0.062037037037037036 0.05693069306930693
32 0.03611111111111111 0.04950495049504951 0.06111111111111111 0.06188118811881188
16 0.31527777777777777 0.06497524752475248 0.012037037037037037 0.013613861386138614
16 0.23703703703703705 0.0594059405940594 0.009259259259259259 0.012376237623762377
16 0.3837962962962963 0.055074257425742575 0.013888888888888888 0.011138613861386138
16 0.5050925925925925 0.07178217821782178 0.010185185185185186 0.007425742574257425
16 0.624537037037037 0.08477722772277228 0.013888888888888888 0.011138613861386138
16 0.7717592592592593 0.10396039603960396 0.013888888888888888 0.01485148514851485
34 0.562037037037037 0.6763613861386139 0.012962962962962963 0.023514851485148515
12 0.5435185185185185 0.6726485148514851 0.018518518518518517 0.02599009900990099
15 0.524537037037037 0.6738861386138614 0.013888888888888888 0.028465346534653466
5 0.49675925925925923 0.6763613861386139 0.013888888888888888 0.03094059405940594
5 0.48194444444444445 0.6751237623762376 0.012037037037037037 0.03094059405940594
5 0.4666666666666667 0.6751237623762376 0.012962962962962963 0.03094059405940594