16 0.4648148148148148 0.5673234811165846 0.07407407407407407 0.07389162561576355
32 0.45555555555555555 0.5295566502463054 0.29074074074074074 0.30049261083743845
32 0.8902777777777777 0.4975369458128079 0.21574074074074073 0.16420361247947454
32 0.09027777777777778 0.5139573070607554 0.18055555555555555 0.3218390804597701
32 0.6648148148148149 0.4745484400656814 0.17407407407407408 0.17405582922824303
32 0.7402777777777778 0.4425287356321839 0.09537037037037037 0.11330049261083744
32 0.19583333333333333 0.4540229885057471 0.04537037037037037 0.17898193760262726
32 0.23981481481481481 0.4211822660098522 0.03518518518518519 0.07060755336617405
16 0.046296296296296294 0.5525451559934319 0.05740740740740741 0.04433497536945813
21 0.49166666666666664 0.5829228243021346 0.009259259259259259 0.022988505747126436
21 0.48194444444444445 0.5829228243021346 0.010185185185185186 0.022988505747126436
21 0.47129629629629627 0.5845648604269293 0.009259259259259259 0.026272577996715927
5 0.45601851851851855 0.5788177339901478 0.008333333333333333 0.027914614121510674
5 0.4476851851851852 0.5788177339901478 0.006481481481481481 0.027914614121510674
5 0.4393518518518518 0.5788177339901478 0.008333333333333333 0.024630541871921183