16 0.31712962962962965 0.6891447368421053 0.1787037037037037 0.1875
32 0.4324074074074074 0.42269736842105265 0.7666666666666667 0.7993421052631579
32 0.8078703703703703 0.27055921052631576 0.021296296296296296 0.027960526315789474
32 0.9527777777777777 0.2730263157894737 0.037037037037037035 0.04276315789473684
32 0.825462962962963 0.26973684210526316 0.010185185185185186 0.01644736842105263
32 0.8861111111111111 0.2730263157894737 0.014814814814814815 0.019736842105263157
16 0.9569444444444445 0.2845394736842105 0.006481481481481481 0.006578947368421052
16 0.8078703703703703 0.2722039473684211 0.004629629629629629 0.004934210526315789
16 0.8263888888888888 0.2730263157894737 0.002777777777777778 0.003289473684210526
16 0.8861111111111111 0.27631578947368424 0.003703703703703704 0.003289473684210526
12 0.38425925925925924 0.7154605263157895 0.025925925925925925 0.06578947368421052
12 0.35694444444444445 0.7138157894736842 0.025 0.05592105263157895
12 0.33101851851851855 0.7105263157894737 0.023148148148148147 0.05921052631578947
9 0.3037037037037037 0.7146381578947368 0.020370370370370372 0.06743421052631579
9 0.28425925925925927 0.7113486842105263 0.018518518518518517 0.07072368421052631
9 0.2652777777777778 0.709703947368421 0.017592592592592594 0.06743421052631579
9 0.24768518518518517 0.7080592105263158 0.017592592592592594 0.07401315789473684