16 0.30694444444444446 0.65625 0.15092592592592594 0.18092105263157895
32 0.48657407407407405 0.4810855263157895 0.7083333333333334 0.7944078947368421
32 0.9194444444444444 0.37006578947368424 0.027777777777777776 0.03618421052631579
32 0.8490740740740741 0.36348684210526316 0.024074074074074074 0.09210526315789473
32 0.8717592592592592 0.3659539473684211 0.01574074074074074 0.02138157894736842
32 0.8930555555555556 0.3692434210526316 0.012037037037037037 0.014802631578947368
32 0.8870370370370371 0.37088815789473684 0.007407407407407408 0.011513157894736841
32 0.9958333333333333 0.36019736842105265 0.008333333333333333 0.03289473684210526
32 0.9879629629629629 0.37006578947368424 0.007407407407407408 0.013157894736842105
16 0.9208333333333333 0.3782894736842105 0.004629629629629629 0.003289473684210526
16 0.8703703703703703 0.3659539473684211 0.005555555555555556 0.004934210526315789
21 0.362962962962963 0.6990131578947368 0.022222222222222223 0.05592105263157895
21 0.34120370370370373 0.6932565789473685 0.021296296296296296 0.05098684210526316
21 0.3189814814814815 0.6883223684210527 0.021296296296296296 0.05098684210526316
5 0.287962962962963 0.6735197368421053 0.018518518518518517 0.07072368421052631
5 0.27037037037037037 0.6702302631578947 0.014814814814814815 0.06743421052631579
5 0.25277777777777777 0.6669407894736842 0.016666666666666666 0.06743421052631579