16 0.5763888888888888 0.5082236842105263 0.1398148148148148 0.13157894736842105
32 0.5398148148148149 0.5172697368421053 0.5592592592592592 0.6759868421052632
32 0.20046296296296295 0.31332236842105265 0.08796296296296297 0.08388157894736842
32 0.015277777777777777 0.2902960526315789 0.028703703703703703 0.0805921052631579
32 0.08981481481481482 0.29769736842105265 0.02962962962962963 0.03289473684210526
32 0.13055555555555556 0.29851973684210525 0.024074074074074074 0.03453947368421053
16 0.1787037037037037 0.3355263157894737 0.011111111111111112 0.009868421052631578
32 0.29953703703703705 0.31743421052631576 0.032407407407407406 0.07236842105263158
16 0.08472222222222223 0.29769736842105265 0.004629629629629629 0.006578947368421052
16 0.125 0.3001644736842105 0.005555555555555556 0.004934210526315789
21 0.6282407407407408 0.5271381578947368 0.017592592592592594 0.047697368421052634
21 0.6087962962962963 0.5296052631578947 0.017592592592592594 0.039473684210526314
21 0.5893518518518519 0.5296052631578947 0.017592592592592594 0.039473684210526314
5 0.5611111111111111 0.5254934210526315 0.016666666666666666 0.054276315789473686
5 0.5458333333333333 0.5238486842105263 0.013888888888888888 0.054276315789473686
5 0.5310185185185186 0.524671052631579 0.013888888888888888 0.05263157894736842