16 0.6069444444444444 0.46296296296296297 0.19166666666666668 0.10740740740740741
32 0.49074074074074076 0.4398148148148148 0.8962962962962963 0.7203703703703703
32 0.9185185185185185 0.31574074074074077 0.16296296296296298 0.31296296296296294
32 0.02546296296296296 0.30694444444444446 0.05092592592592592 0.13425925925925927
32 0.034722222222222224 0.22175925925925927 0.06388888888888888 0.0824074074074074
22 0.6648148148148149 0.4740740740740741 0.024074074074074074 0.03518518518518519
22 0.6365740740740741 0.47638888888888886 0.026851851851851852 0.03425925925925926
6 0.5958333333333333 0.475 0.021296296296296296 0.044444444444444446
6 0.5731481481481482 0.4773148148148148 0.020370370370370372 0.04351851851851852
6 0.5537037037037037 0.4777777777777778 0.022222222222222223 0.04814814814814815
6 0.5324074074074074 0.47962962962962963 0.024074074074074074 0.04259259259259259
16 0.9444444444444444 0.36018518518518516 0.027777777777777776 0.03888888888888889
22 0.9532407407407407 0.36944444444444446 0.008333333333333333 0.014814814814814815
25 0.9439814814814815 0.36944444444444446 0.008333333333333333 0.016666666666666666