16 0.5438888888888889 0.5768888888888889 0.19666666666666666 0.08
32 0.5222222222222223 0.424 0.8222222222222222 0.5208888888888888
32 0.9 0.3377777777777778 0.13777777777777778 0.22755555555555557
32 0.10777777777777778 0.3217777777777778 0.15777777777777777 0.26311111111111113
25 0.6155555555555555 0.5888888888888889 0.02666666666666667 0.025777777777777778
25 0.5888888888888889 0.5902222222222222 0.024444444444444446 0.024888888888888887
25 0.5616666666666666 0.5906666666666667 0.025555555555555557 0.025777777777777778
5 0.5288888888888889 0.5906666666666667 0.02 0.03288888888888889
5 0.51 0.5911111111111111 0.022222222222222223 0.028444444444444446
5 0.4866666666666667 0.5902222222222222 0.022222222222222223 0.02666666666666667
5 0.46555555555555556 0.5906666666666667 0.022222222222222223 0.029333333333333333