16 0.500462962962963 0.4769357495881384 0.13055555555555556 0.12026359143327842
32 0.5101851851851852 0.4052718286655684 0.524074074074074 0.7479406919275123
32 0.8712962962962963 0.04365733113673806 0.07222222222222222 0.08401976935749589
32 0.7310185185185185 0.042009884678747944 0.05648148148148148 0.060955518945634266
32 0.6712962962962963 0.042009884678747944 0.05555555555555555 0.054365733113673806
32 0.9236111111111112 0.03377265238879736 0.03796296296296296 0.06754530477759473
32 0.8263888888888888 0.03706754530477759 0.032407407407407406 0.0642504118616145
32 0.33240740740740743 0.07825370675453047 0.07592592592592592 0.11037891268533773
32 0.9907407407407407 0.10214168039538715 0.018518518518518517 0.08237232289950576
32 0.9699074074074074 0.030477759472817133 0.04537037037037037 0.060955518945634266
16 0.8805555555555555 0.06260296540362438 0.016666666666666666 0.013179571663920923
16 0.6782407407407407 0.04695222405271829 0.012037037037037037 0.008237232289950576
16 0.7407407407407407 0.05518945634266886 0.009259259259259259 0.008237232289950576
16 0.9231481481481482 0.039538714991762765 0.007407407407407408 0.009884678747940691
16 0.950925925925926 0.03542009884678748 0.007407407407407408 0.011532125205930808
16 0.3347222222222222 0.11696869851729819 0.017592592592592594 0.019769357495881382
16 0.04583333333333333 0.2759472817133443 0.05092592592592592 0.044481054365733116
24 0.55 0.4942339373970346 0.016666666666666666 0.039538714991762765
24 0.5300925925925926 0.4942339373970346 0.01574074074074074 0.039538714991762765
24 0.5115740740740741 0.4950576606260296 0.01574074074074074 0.04118616144975288
6 0.4824074074074074 0.4958813838550247 0.012962962962962963 0.04612850082372323
6 0.4689814814814815 0.49341021416803954 0.013888888888888888 0.051070840197693576
6 0.45416666666666666 0.49341021416803954 0.013888888888888888 0.044481054365733116
25 0.06620370370370371 0.2800658978583196 0.008333333333333333 0.023064250411861616
20 0.05787037037037037 0.2825370675453048 0.008333333333333333 0.014827018121911038
13 0.050462962962962966 0.2825370675453048 0.008333333333333333 0.018121911037891267
6 0.03796296296296296 0.28171334431630973 0.007407407407407408 0.016474464579901153
5 0.032407407407407406 0.28171334431630973 0.005555555555555556 0.019769357495881382
8 0.026851851851851852 0.28500823723228996 0.005555555555555556 0.019769357495881382