16 0.49675925925925923 0.4504950495049505 0.19166666666666668 0.12871287128712872
32 0.48564814814814816 0.3966584158415842 0.7453703703703703 0.676980198019802
32 0.08148148148148149 0.16831683168316833 0.15 0.13861386138613863
32 0.20185185185185187 0.1349009900990099 0.05740740740740741 0.06435643564356436
29 0.5703703703703704 0.46472772277227725 0.011111111111111112 0.05816831683168317
22 0.5425925925925926 0.46905940594059403 0.025925925925925925 0.03712871287128713
34 0.5166666666666667 0.46782178217821785 0.016666666666666666 0.039603960396039604
3 0.48657407407407405 0.46967821782178215 0.021296296296296296 0.06064356435643564
3 0.4652777777777778 0.46905940594059403 0.019444444444444445 0.054455445544554455
3 0.4449074074074074 0.46905940594059403 0.021296296296296296 0.05693069306930693
3 0.4236111111111111 0.47339108910891087 0.021296296296296296 0.055693069306930694
16 0.05277777777777778 0.17636138613861385 0.027777777777777776 0.018564356435643563