16 0.7439814814814815 0.5320987654320988 0.11388888888888889 0.07407407407407407
16 0.21064814814814814 0.38641975308641974 0.08981481481481482 0.0691358024691358
32 0.7583333333333333 0.36666666666666664 0.4703703703703704 0.5037037037037037
32 0.2953703703703704 0.3567901234567901 0.45555555555555555 0.34814814814814815
32 0.04953703703703704 0.37839506172839504 0.09907407407407408 0.36666666666666664
32 0.5365740740740741 0.1993827160493827 0.14351851851851852 0.10740740740740741
32 0.9546296296296296 0.18765432098765433 0.09074074074074075 0.145679012345679
29 0.7870370370370371 0.5425925925925926 0.009259259259259259 0.028395061728395062
22 0.7689814814814815 0.5438271604938272 0.01574074074074074 0.020987654320987655
34 0.7546296296296297 0.5444444444444444 0.011111111111111112 0.022222222222222223
3 0.7361111111111112 0.5444444444444444 0.011111111111111112 0.027160493827160494
3 0.7236111111111111 0.5438271604938272 0.012037037037037037 0.030864197530864196
3 0.712037037037037 0.5450617283950617 0.011111111111111112 0.028395061728395062
3 0.700462962962963 0.5462962962962963 0.012037037037037037 0.028395061728395062
37 0.24259259259259258 0.39444444444444443 0.011111111111111112 0.02345679012345679
31 0.23055555555555557 0.3962962962962963 0.012962962962962963 0.022222222222222223
15 0.21805555555555556 0.39567901234567904 0.008333333333333333 0.02345679012345679
0 0.20462962962962963 0.39753086419753086 0.009259259259259259 0.024691358024691357
0 0.1962962962962963 0.39814814814814814 0.009259259259259259 0.025925925925925925
0 0.18703703703703703 0.3987654320987654 0.009259259259259259 0.024691358024691357
0 0.17824074074074073 0.3993827160493827 0.008333333333333333 0.025925925925925925