16 0.6430555555555556 0.5086633663366337 0.16944444444444445 0.13366336633663367
32 0.5277777777777778 0.556930693069307 0.75 0.693069306930693
32 0.9444444444444444 0.40655940594059403 0.1111111111111111 0.07797029702970297
32 0.04398148148148148 0.38304455445544555 0.0787037037037037 0.053217821782178217
32 0.1361111111111111 0.38675742574257427 0.046296296296296294 0.07797029702970297
29 0.7069444444444445 0.5222772277227723 0.01574074074074074 0.04950495049504951
22 0.6865740740740741 0.5247524752475248 0.021296296296296296 0.03712871287128713
34 0.6662037037037037 0.525990099009901 0.012037037037037037 0.03217821782178218
3 0.6416666666666667 0.5253712871287128 0.018518518518518517 0.04826732673267327
3 0.6240740740740741 0.5284653465346535 0.016666666666666666 0.054455445544554455
3 0.6074074074074074 0.5290841584158416 0.018518518518518517 0.050742574257425746
3 0.5879629629629629 0.5303217821782178 0.020370370370370372 0.04826732673267327