16 0.9106481481481481 0.5531034482758621 0.06018518518518518 0.06896551724137931
16 0.43842592592592594 0.6827586206896552 0.08611111111111111 0.07448275862068965
32 0.3277777777777778 0.523448275862069 0.4777777777777778 0.4289655172413793
32 0.7541666666666667 0.45379310344827584 0.47314814814814815 0.31724137931034485
21 0.4638888888888889 0.6903448275862069 0.014814814814814815 0.023448275862068966
17 0.45231481481481484 0.6903448275862069 0.010185185185185186 0.028965517241379312
4 0.4324074074074074 0.6931034482758621 0.009259259259259259 0.020689655172413793
3 0.42314814814814816 0.6951724137931035 0.007407407407407408 0.027586206896551724
0 0.41435185185185186 0.6944827586206896 0.006481481481481481 0.02620689655172414
6 0.4060185185185185 0.6944827586206896 0.008333333333333333 0.02620689655172414
25 0.9291666666666667 0.5593103448275862 0.008333333333333333 0.015172413793103448
20 0.9217592592592593 0.5586206896551724 0.008333333333333333 0.013793103448275862
0 0.899537037037037 0.56 0.006481481481481481 0.01793103448275862