16 0.3976851851851852 0.743421052631579 0.058333333333333334 0.06578947368421052
32 0.46805555555555556 0.6694078947368421 0.31574074074074077 0.3190789473684211
32 0.0625 0.4917763157894737 0.125 0.12828947368421054
32 0.21574074074074073 0.5106907894736842 0.16296296296296298 0.14967105263157895
32 0.5606481481481481 0.4761513157894737 0.37222222222222223 0.2845394736842105
32 0.9837962962962963 0.45805921052631576 0.032407407407407406 0.36019736842105265
32 0.9074074074074074 0.5427631578947368 0.1 0.125
32 0.3138888888888889 0.4917763157894737 0.07777777777777778 0.06907894736842106
16 0.2833333333333333 0.5460526315789473 0.016666666666666666 0.023026315789473683
29 0.41805555555555557 0.7532894736842105 0.004629629629629629 0.023026315789473683
34 0.40925925925925927 0.7574013157894737 0.009259259259259259 0.018092105263157895
17 0.4013888888888889 0.7532894736842105 0.006481481481481481 0.019736842105263157
0 0.38981481481481484 0.7524671052631579 0.005555555555555556 0.02138157894736842
0 0.3837962962962963 0.7541118421052632 0.004629629629629629 0.024671052631578948
9 0.37824074074074077 0.7516447368421053 0.006481481481481481 0.023026315789473683