16 0.4666666666666667 0.597037037037037 0.1648148148148148 0.06074074074074074
32 0.46296296296296297 0.38481481481481483 0.7870370370370371 0.4911111111111111
32 0.033796296296296297 0.34925925925925927 0.058333333333333334 0.23185185185185186
32 0.9398148148148148 0.1922222222222222 0.12037037037037036 0.15481481481481482
32 0.8217592592592593 0.16074074074074074 0.10092592592592593 0.06666666666666667
32 0.4837962962962963 0.13148148148148148 0.1675925925925926 0.027407407407407408
32 0.20601851851851852 0.09222222222222222 0.1361111111111111 0.05407407407407407
32 0.749537037037037 0.1337037037037037 0.05648148148148148 0.025925925925925925
32 0.6782407407407407 0.1274074074074074 0.049074074074074076 0.025185185185185185
32 0.600925925925926 0.1259259259259259 0.04814814814814815 0.02074074074074074
16 0.6847222222222222 0.13111111111111112 0.012037037037037037 0.0044444444444444444
29 0.5324074074074074 0.6066666666666667 0.012962962962962963 0.02666666666666667
22 0.5069444444444444 0.607037037037037 0.028703703703703703 0.02148148148148148
34 0.4824074074074074 0.6088888888888889 0.020370370370370372 0.02074074074074074
3 0.425462962962963 0.6077777777777778 0.023148148148148147 0.027407407407407408