16 0.3061111111111111 0.5213333333333333 0.09888888888888889 0.04533333333333334
32 0.4255555555555556 0.5306666666666666 0.6155555555555555 0.2791111111111111
32 0.12444444444444444 0.45955555555555555 0.05333333333333334 0.03911111111111111
32 0.8172222222222222 0.4653333333333333 0.03222222222222222 0.029333333333333333
32 0.8538888888888889 0.4666666666666667 0.01888888888888889 0.024888888888888887
17 0.3416666666666667 0.528 0.01 0.014222222222222223
13 0.32944444444444443 0.5293333333333333 0.012222222222222223 0.011555555555555555
17 0.3138888888888889 0.5275555555555556 0.0077777777777777776 0.016888888888888887
2 0.3011111111111111 0.5271111111111111 0.008888888888888889 0.016
2 0.29 0.5262222222222223 0.008888888888888889 0.014222222222222223
2 0.28055555555555556 0.5262222222222223 0.01 0.016
2 0.27055555555555555 0.5262222222222223 0.01 0.016