16 0.44675925925925924 0.620049504950495 0.1712962962962963 0.12376237623762376
32 0.5740740740740741 0.6002475247524752 0.8518518518518519 0.693069306930693
32 0.17175925925925925 0.5142326732673267 0.22870370370370371 0.22896039603960397
32 0.09166666666666666 0.4709158415841584 0.17777777777777778 0.20668316831683167
16 0.12129629629629629 0.6014851485148515 0.053703703703703705 0.05198019801980198
17 0.5111111111111111 0.6398514851485149 0.020370370370370372 0.05693069306930693
13 0.4861111111111111 0.6491336633663366 0.025925925925925925 0.04084158415841584
17 0.4601851851851852 0.6410891089108911 0.018518518518518517 0.0594059405940594
3 0.43425925925925923 0.6386138613861386 0.016666666666666666 0.054455445544554455
3 0.4162037037037037 0.6404702970297029 0.017592592592592594 0.053217821782178217
3 0.39814814814814814 0.6373762376237624 0.018518518518518517 0.05198019801980198
3 0.38101851851851853 0.6392326732673267 0.013888888888888888 0.050742574257425746