16 0.4564814814814815 0.6243811881188119 0.1037037037037037 0.08044554455445545
32 0.4685185185185185 0.4962871287128713 0.45555555555555555 0.5420792079207921
32 0.08101851851851852 0.3162128712871287 0.16203703703703703 0.21905940594059406
32 0.19768518518518519 0.2896039603960396 0.09907407407407408 0.16336633663366337
32 0.7449074074074075 0.27970297029702973 0.13240740740740742 0.10148514851485149
32 0.6606481481481481 0.27042079207920794 0.058333333333333334 0.09034653465346534
13 0.49583333333333335 0.6392326732673267 0.013888888888888888 0.02103960396039604
13 0.48194444444444445 0.6392326732673267 0.01574074074074074 0.023514851485148515
13 0.46620370370370373 0.6386138613861386 0.013888888888888888 0.022277227722772276
4 0.45046296296296295 0.635519801980198 0.010185185185185186 0.02599009900990099
4 0.4398148148148148 0.6361386138613861 0.009259259259259259 0.022277227722772276
4 0.42824074074074076 0.6342821782178217 0.010185185185185186 0.02599009900990099
4 0.41712962962962963 0.6349009900990099 0.010185185185185186 0.024752475247524754