16 0.3877777777777778 0.8635555555555555 0.29555555555555557 0.1111111111111111
32 0.49777777777777776 0.4728888888888889 0.9377777777777778 0.9457777777777778
32 0.18555555555555556 0.052444444444444446 0.26 0.09955555555555555
32 0.3561111111111111 0.02266666666666667 0.1322222222222222 0.04533333333333334
16 0.11222222222222222 0.08 0.03111111111111111 0.014222222222222223
29 0.485 0.8808888888888889 0.021111111111111112 0.032
23 0.44555555555555554 0.8764444444444445 0.035555555555555556 0.030222222222222223
4 0.375 0.8711111111111111 0.023333333333333334 0.02311111111111111
4 0.3472222222222222 0.8675555555555555 0.025555555555555557 0.02311111111111111
4 0.31833333333333336 0.8644444444444445 0.025555555555555557 0.022222222222222223
4 0.29055555555555557 0.8608888888888889 0.023333333333333334 0.024