16 0.47830578512396693 0.4786666666666667 0.1590909090909091 0.072
32 0.4659090909090909 0.5226666666666666 0.7541322314049587 0.5155555555555555
32 0.9070247933884298 0.46 0.12603305785123967 0.09333333333333334
16 0.9158057851239669 0.4622222222222222 0.027892561983471075 0.017777777777777778
29 0.5371900826446281 0.488 0.014462809917355372 0.028444444444444446
24 0.5149793388429752 0.48844444444444446 0.01962809917355372 0.025777777777777778
15 0.490702479338843 0.4866666666666667 0.01859504132231405 0.025777777777777778
0 0.4669421487603306 0.4862222222222222 0.010330578512396695 0.02666666666666667
0 0.4493801652892562 0.4862222222222222 0.010330578512396695 0.02666666666666667
0 0.43285123966942146 0.4875555555555556 0.008264462809917356 0.029333333333333333
0 0.4147727272727273 0.4862222222222222 0.007231404958677686 0.028444444444444446