16 0.22314814814814815 0.43338815789473684 0.040740740740740744 0.047697368421052634
16 0.37916666666666665 0.48519736842105265 0.07685185185185185 0.0756578947368421
32 0.8601851851851852 0.631578947368421 0.2796296296296296 0.7006578947368421
32 0.4356481481481482 0.5123355263157895 0.3768518518518518 0.5115131578947368
32 0.1175925925925926 0.609375 0.2351851851851852 0.37993421052631576
32 0.22083333333333333 0.3939144736842105 0.10277777777777777 0.18914473684210525
32 0.08148148148148149 0.3667763157894737 0.09814814814814815 0.07236842105263158
32 0.025 0.375 0.05 0.08881578947368421
22 0.4060185185185185 0.49917763157894735 0.012037037037037037 0.024671052631578948
11 0.3962962962962963 0.4975328947368421 0.011111111111111112 0.027960526315789474
34 0.3851851851851852 0.4975328947368421 0.007407407407407408 0.02138157894736842
6 0.37407407407407406 0.4934210526315789 0.007407407407407408 0.02631578947368421
6 0.36666666666666664 0.4934210526315789 0.007407407407407408 0.02631578947368421
6 0.35833333333333334 0.4934210526315789 0.007407407407407408 0.02631578947368421
6 0.35 0.4925986842105263 0.007407407407407408 0.027960526315789474
12 0.23796296296296296 0.4407894736842105 0.005555555555555556 0.01644736842105263
18 0.2324074074074074 0.44161184210526316 0.005555555555555556 0.018092105263157895
24 0.22685185185185186 0.44161184210526316 0.005555555555555556 0.014802631578947368
6 0.21805555555555556 0.43914473684210525 0.004629629629629629 0.01644736842105263
8 0.21435185185185185 0.4399671052631579 0.004629629629629629 0.018092105263157895
4 0.20972222222222223 0.43914473684210525 0.004629629629629629 0.01644736842105263