16 0.47314814814814815 0.7097222222222223 0.2 0.09537037037037037
32 0.5064814814814815 0.487962962962963 0.7833333333333333 0.6537037037037037
32 0.04351851851851852 0.2712962962962963 0.07962962962962963 0.07407407407407407
32 0.11064814814814815 0.26805555555555555 0.04537037037037037 0.06759259259259259
32 0.763425925925926 0.22314814814814815 0.08796296296296297 0.06851851851851852
32 0.9398148148148148 0.17962962962962964 0.12037037037037036 0.2037037037037037
32 0.8550925925925926 0.21435185185185185 0.041666666666666664 0.049074074074074076
16 0.7648148148148148 0.24537037037037038 0.024074074074074074 0.011111111111111112
31 0.5481481481481482 0.7277777777777777 0.027777777777777776 0.03148148148148148
23 0.5199074074074074 0.725462962962963 0.025 0.03611111111111111
15 0.49027777777777776 0.7231481481481481 0.023148148148148147 0.037037037037037035
6 0.46064814814814814 0.7240740740740741 0.019444444444444445 0.037037037037037035
6 0.4388888888888889 0.7236111111111111 0.020370370370370372 0.03796296296296296
6 0.41759259259259257 0.725462962962963 0.022222222222222223 0.03796296296296296
6 0.3962962962962963 0.725 0.020370370370370372 0.037037037037037035