16 0.48055555555555557 0.5022222222222222 0.10777777777777778 0.049777777777777775
32 0.5583333333333333 0.5044444444444445 0.5144444444444445 0.31022222222222223
22 0.5188888888888888 0.5102222222222222 0.015555555555555555 0.016
11 0.5027777777777778 0.5084444444444445 0.014444444444444444 0.017777777777777778
34 0.4888888888888889 0.5102222222222222 0.011111111111111112 0.014222222222222223
6 0.47333333333333333 0.5071111111111111 0.011111111111111112 0.016888888888888887
6 0.46166666666666667 0.5062222222222222 0.01 0.016888888888888887
6 0.45166666666666666 0.5062222222222222 0.01 0.018666666666666668
6 0.44055555555555553 0.5048888888888889 0.012222222222222223 0.017777777777777778
32 0.78 0.3675555555555556 0.015555555555555555 0.011555555555555555
32 0.8311111111111111 0.37244444444444447 0.044444444444444446 0.024888888888888887
32 0.8411111111111111 0.3848888888888889 0.02666666666666667 0.024888888888888887