16 0.45111111111111113 0.45911111111111114 0.14888888888888888 0.059555555555555556
32 0.45444444444444443 0.30044444444444446 0.5844444444444444 0.45511111111111113
32 0.8238888888888889 0.19644444444444445 0.28555555555555556 0.15644444444444444
32 0.1811111111111111 0.1431111111111111 0.1688888888888889 0.10488888888888889
32 0.20833333333333334 0.092 0.06555555555555556 0.041777777777777775
32 0.8988888888888888 0.708 0.13777777777777778 0.5822222222222222
29 0.5038888888888889 0.4688888888888889 0.01 0.024
18 0.48333333333333334 0.46755555555555556 0.02 0.019555555555555555
37 0.4633333333333333 0.46844444444444444 0.017777777777777778 0.02311111111111111
3 0.4411111111111111 0.4662222222222222 0.011111111111111112 0.022222222222222223
3 0.4266666666666667 0.4662222222222222 0.015555555555555555 0.022222222222222223
3 0.4116666666666667 0.4657777777777778 0.012222222222222223 0.021333333333333333
3 0.39611111111111114 0.46444444444444444 0.014444444444444444 0.020444444444444446