16 0.48333333333333334 0.34629629629629627 0.12037037037037036 0.06481481481481481
32 0.4634259259259259 0.32731481481481484 0.49537037037037035 0.33796296296296297
32 0.11435185185185186 0.25462962962962965 0.20833333333333334 0.2037037037037037
32 0.7851851851851852 0.26851851851851855 0.23333333333333334 0.10925925925925926
32 0.9592592592592593 0.262037037037037 0.08148148148148149 0.07037037037037037
29 0.5291666666666667 0.35833333333333334 0.008333333333333333 0.025925925925925925
29 0.5115740740740741 0.35833333333333334 0.010185185185185186 0.025925925925925925
29 0.49444444444444446 0.35833333333333334 0.007407407407407408 0.025925925925925925
6 0.475462962962963 0.35648148148148145 0.013888888888888888 0.024074074074074074
6 0.46296296296296297 0.3560185185185185 0.011111111111111112 0.023148148148148147
6 0.449537037037037 0.35694444444444445 0.012037037037037037 0.025
6 0.43703703703703706 0.35694444444444445 0.011111111111111112 0.025