16 0.4837962962962963 0.5969962453066333 0.21574074074074073 0.14267834793491865
32 0.475462962962963 0.5269086357947435 0.8768518518518519 0.853566958698373
29 0.5361111111111111 0.6120150187734669 0.016666666666666666 0.06508135168961202
0 0.45740740740740743 0.6157697121401752 0.020370370370370372 0.06758448060075094
0 0.4324074074074074 0.613892365456821 0.016666666666666666 0.0688360450563204
0 0.40925925925925927 0.6163954943679599 0.022222222222222223 0.06633291614518148
32 0.2064814814814815 0.1677096370463079 0.07037037037037037 0.07759699624530664
16 0.20555555555555555 0.16896120150187735 0.018518518518518517 0.012515644555694618
32 0.055092592592592596 0.15269086357947434 0.05648148148148148 0.04505632040050062
32 0.10462962962962963 0.1520650813516896 0.04259259259259259 0.04130162703379224
32 0.0125 0.16270337922403003 0.025 0.04755944931163955
32 0.1476851851851852 0.12390488110137672 0.08055555555555556 0.04005006257822278
32 0.14537037037037037 0.15081351689612016 0.025925925925925925 0.03379224030037547