16 0.5666666666666667 0.45 0.09259259259259259 0.06296296296296296
32 0.5703703703703704 0.43765432098765433 0.40925925925925927 0.47530864197530864
32 0.15138888888888888 0.45 0.30277777777777776 0.5345679012345679
32 0.8875 0.5987654320987654 0.225 0.8024691358024691
32 0.9143518518518519 0.3765432098765432 0.08796296296296297 0.2222222222222222
25 0.6023148148148149 0.46358024691358024 0.012037037037037037 0.02345679012345679
25 0.5884259259259259 0.4623456790123457 0.013888888888888888 0.020987654320987655
25 0.575462962962963 0.4623456790123457 0.012037037037037037 0.02345679012345679
8 0.5606481481481481 0.45987654320987653 0.010185185185185186 0.02345679012345679
8 0.5513888888888889 0.45987654320987653 0.010185185185185186 0.025925925925925925
8 0.5407407407407407 0.46111111111111114 0.009259259259259259 0.025925925925925925
8 0.5314814814814814 0.4604938271604938 0.009259259259259259 0.024691358024691357