16 0.3005555555555556 0.5888888888888889 0.09444444444444444 0.04711111111111111
32 0.49777777777777776 0.5075555555555555 0.6844444444444444 0.3075555555555556
13 0.3338888888888889 0.5968888888888889 0.012222222222222223 0.016888888888888887
13 0.32 0.5955555555555555 0.011111111111111112 0.014222222222222223
13 0.30666666666666664 0.5951111111111111 0.015555555555555555 0.013333333333333334
2 0.2872222222222222 0.5937777777777777 0.01 0.019555555555555555
2 0.2788888888888889 0.5937777777777777 0.008888888888888889 0.017777777777777778
2 0.2683333333333333 0.5937777777777777 0.01 0.017777777777777778
32 0.74 0.4026666666666667 0.22 0.10488888888888889
32 0.7416666666666667 0.3373333333333333 0.21888888888888888 0.03111111111111111
32 0.5338888888888889 0.3511111111111111 0.07222222222222222 0.019555555555555555
32 0.4666666666666667 0.3537777777777778 0.028888888888888888 0.010666666666666666
32 0.5922222222222222 0.3453333333333333 0.02 0.013333333333333334