16 0.5094444444444445 0.5831111111111111 0.17888888888888888 0.07822222222222222
32 0.5155555555555555 0.5288888888888889 0.72 0.464
32 0.8855555555555555 0.31466666666666665 0.1288888888888889 0.11911111111111111
32 0.95 0.3804444444444444 0.04 0.096
32 0.7588888888888888 0.28844444444444445 0.044444444444444446 0.024
22 0.5644444444444444 0.5968888888888889 0.02666666666666667 0.025777777777777778
22 0.5366666666666666 0.5964444444444444 0.028888888888888888 0.021333333333333333
2 0.4955555555555556 0.5928888888888889 0.017777777777777778 0.032
2 0.4777777777777778 0.592 0.02 0.028444444444444446
2 0.4588888888888889 0.5911111111111111 0.02 0.032
2 0.44 0.592 0.02 0.032