16 0.5072222222222222 0.448 0.07222222222222222 0.032
32 0.4822222222222222 0.39244444444444443 0.32 0.19822222222222222
32 0.6922222222222222 0.4102222222222222 0.12666666666666668 0.12711111111111112
32 0.051666666666666666 0.3893333333333333 0.03888888888888889 0.144
32 0.31666666666666665 0.3128888888888889 0.05333333333333334 0.05511111111111111
18 0.5338888888888889 0.452 0.0077777777777777776 0.009777777777777778
37 0.5238888888888888 0.4528888888888889 0.01 0.011555555555555555
17 0.5133333333333333 0.4528888888888889 0.008888888888888889 0.011555555555555555
0 0.5016666666666667 0.4528888888888889 0.005555555555555556 0.011555555555555555
0 0.4955555555555556 0.4528888888888889 0.006666666666666667 0.011555555555555555
0 0.48777777777777775 0.452 0.006666666666666667 0.011555555555555555
0 0.48055555555555557 0.4537777777777778 0.005555555555555556 0.011555555555555555