16 0.5291666666666667 0.5203703703703704 0.15092592592592594 0.07962962962962963
32 0.44537037037037036 0.36944444444444446 0.7574074074074074 0.5574074074074075
32 0.8712962962962963 0.37037037037037035 0.25 0.4148148148148148
32 0.06481481481481481 0.1527777777777778 0.11851851851851852 0.08703703703703704
18 0.5888888888888889 0.5319444444444444 0.016666666666666666 0.026851851851851852
37 0.5680555555555555 0.5319444444444444 0.023148148148148147 0.030555555555555555
17 0.5449074074074074 0.5324074074074074 0.01574074074074074 0.03148148148148148
0 0.5203703703703704 0.5314814814814814 0.011111111111111112 0.03518518518518519
0 0.5050925925925925 0.5333333333333333 0.012037037037037037 0.03148148148148148
0 0.4875 0.5333333333333333 0.013888888888888888 0.03518518518518519
0 0.4708333333333333 0.5328703703703703 0.013888888888888888 0.030555555555555555