16 0.49166666666666664 0.7012345679012346 0.12407407407407407 0.07407407407407407
32 0.5055555555555555 0.4808641975308642 0.46111111111111114 0.5370370370370371
32 0.1412037037037037 0.4265432098765432 0.2824074074074074 0.5370370370370371
32 0.9203703703703704 0.24691358024691357 0.15925925925925927 0.35802469135802467
32 0.46111111111111114 0.14382716049382716 0.08333333333333333 0.10246913580246914
32 0.587037037037037 0.13703703703703704 0.1 0.09876543209876543
32 0.6902777777777778 0.10925925925925926 0.08148148148148149 0.07530864197530865
32 0.8166666666666667 0.12469135802469136 0.10925925925925926 0.08395061728395062
32 0.38333333333333336 0.13703703703703704 0.05925925925925926 0.07654320987654321
32 0.25324074074074077 0.12530864197530864 0.049074074074074076 0.03827160493827161
32 0.7481481481481481 0.10493827160493827 0.037037037037037035 0.04938271604938271
32 0.1935185185185185 0.13333333333333333 0.037037037037037035 0.03950617283950617
16 0.45925925925925926 0.18333333333333332 0.020370370370370372 0.013580246913580247
16 0.5995370370370371 0.17037037037037037 0.017592592592592594 0.012345679012345678
16 0.7074074074074074 0.14320987654320988 0.012962962962962963 0.007407407407407408
31 0.5375 0.7123456790123457 0.01574074074074074 0.022222222222222223
23 0.5212962962962963 0.7104938271604938 0.012962962962962963 0.025925925925925925
15 0.5041666666666667 0.7111111111111111 0.01574074074074074 0.024691358024691357
0 0.4842592592592593 0.7148148148148148 0.007407407407407408 0.027160493827160494
0 0.4708333333333333 0.7129629629629629 0.008333333333333333 0.025925925925925925
0 0.4583333333333333 0.7129629629629629 0.009259259259259259 0.028395061728395062
0 0.4449074074074074 0.7141975308641976 0.010185185185185186 0.028395061728395062