16 0.4494444444444444 0.5417777777777778 0.1988888888888889 0.08088888888888889
32 0.47888888888888886 0.5493333333333333 0.8822222222222222 0.5973333333333334
32 0.8933333333333333 0.3804444444444444 0.14666666666666667 0.15644444444444444
29 0.5272222222222223 0.5533333333333333 0.01 0.03822222222222222
13 0.49722222222222223 0.5555555555555556 0.025555555555555557 0.024888888888888887
17 0.4677777777777778 0.5533333333333333 0.022222222222222223 0.036444444444444446
9 0.4361111111111111 0.5542222222222222 0.021111111111111112 0.036444444444444446
9 0.4127777777777778 0.5537777777777778 0.023333333333333334 0.035555555555555556
9 0.39166666666666666 0.5528888888888889 0.021111111111111112 0.032
9 0.36944444444444446 0.5515555555555556 0.021111111111111112 0.034666666666666665
16 0.9077777777777778 0.3973333333333333 0.017777777777777778 0.017777777777777778