16 0.475 0.5074547390841321 0.11851851851851852 0.07561235356762513
32 0.4162037037037037 0.37326943556975506 0.5509259259259259 0.422790202342918
32 0.07592592592592592 0.16932907348242812 0.11851851851851852 0.11714589989350373
32 0.6189814814814815 0.1900958466453674 0.16018518518518518 0.1033013844515442
32 0.6310185185185185 0.7731629392971247 0.7379629629629629 0.37912673056443025
32 0.24583333333333332 0.14589989350372737 0.11388888888888889 0.05324813631522897
32 0.513425925925926 0.16719914802981894 0.058333333333333334 0.051118210862619806
16 0.6703703703703704 0.1959531416400426 0.016666666666666666 0.012779552715654952
17 0.5125 0.5154419595314164 0.01574074074074074 0.029818956336528223
17 0.49444444444444446 0.5170394036208733 0.014814814814814815 0.0308839190628328
1 0.44907407407407407 0.5186368477103301 0.024074074074074074 0.029818956336528223