16 0.5398148148148149 0.43407407407407406 0.19814814814814816 0.08148148148148149
32 0.5277777777777778 0.4722222222222222 0.9444444444444444 0.5888888888888889
32 0.3907407407407407 0.12777777777777777 0.43333333333333335 0.12222222222222222
32 0.010185185185185186 0.30407407407407405 0.020370370370370372 0.05851851851851852
32 0.05092592592592592 0.29888888888888887 0.04259259259259259 0.051111111111111114
19 0.6194444444444445 0.44407407407407407 0.02962962962962963 0.03481481481481481
23 0.5898148148148148 0.4437037037037037 0.025925925925925925 0.03111111111111111
13 0.5606481481481481 0.44592592592592595 0.026851851851851852 0.028148148148148148
0 0.512962962962963 0.4451851851851852 0.020370370370370372 0.034074074074074076
0 0.48935185185185187 0.447037037037037 0.013888888888888888 0.03333333333333333
0 0.46574074074074073 0.44851851851851854 0.018518518518518517 0.0362962962962963