16 0.5672222222222222 0.5586666666666666 0.13444444444444445 0.05422222222222222
32 0.4955555555555556 0.48355555555555557 0.6222222222222222 0.3342222222222222
32 0.08 0.38133333333333336 0.09333333333333334 0.10133333333333333
32 0.18222222222222223 0.3622222222222222 0.09333333333333334 0.052444444444444446
16 0.058888888888888886 0.376 0.03111111111111111 0.008888888888888889
16 0.19277777777777777 0.3635555555555556 0.01888888888888889 0.0071111111111111115
17 0.615 0.564 0.012222222222222223 0.024
13 0.5977777777777777 0.5657777777777778 0.017777777777777778 0.016888888888888887
17 0.5772222222222222 0.5644444444444444 0.014444444444444444 0.019555555555555555
1 0.5577777777777778 0.5657777777777778 0.015555555555555555 0.024
1 0.5455555555555556 0.5657777777777778 0.013333333333333334 0.024
1 0.53 0.5675555555555556 0.013333333333333334 0.022222222222222223
1 0.5155555555555555 0.5675555555555556 0.011111111111111112 0.020444444444444446