16 0.46606060606060606 0.5309090909090909 0.14666666666666667 0.07757575757575758
32 0.4812121212121212 0.5363636363636364 0.6763636363636364 0.5272727272727272
32 0.9236363636363636 0.35333333333333333 0.07515151515151515 0.06424242424242424
32 0.8133333333333334 0.35878787878787877 0.07515151515151515 0.06303030303030303
32 0.023636363636363636 0.35333333333333333 0.044848484848484846 0.04
32 0.19818181818181818 0.33515151515151514 0.08363636363636363 0.059393939393939395
32 0.8709090909090909 0.3115151515151515 0.030303030303030304 0.024242424242424242
17 0.5206060606060606 0.5406060606060606 0.01575757575757576 0.02909090909090909
34 0.5006060606060606 0.5424242424242425 0.01696969696969697 0.025454545454545455
24 0.4775757575757576 0.5418181818181819 0.019393939393939394 0.024242424242424242
5 0.45515151515151514 0.5424242424242425 0.01818181818181818 0.030303030303030304
5 0.4393939393939394 0.5412121212121213 0.01575757575757576 0.03272727272727273
5 0.4212121212121212 0.5424242424242425 0.01575757575757576 0.030303030303030304
5 0.40484848484848485 0.5436363636363636 0.012121212121212121 0.027878787878787878