16 0.5883333333333334 0.7555555555555555 0.18555555555555556 0.08
32 0.5377777777777778 0.5511111111111111 0.8133333333333334 0.5902222222222222
32 0.20166666666666666 0.2604444444444444 0.05444444444444444 0.02666666666666667
32 0.2594444444444444 0.26755555555555555 0.03222222222222222 0.017777777777777778
32 0.33611111111111114 0.264 0.04111111111111111 0.012444444444444444
32 0.44555555555555554 0.248 0.08222222222222222 0.051555555555555556
16 0.20222222222222222 0.26 0.011111111111111112 0.006222222222222222
16 0.2688888888888889 0.27244444444444443 0.006666666666666667 0.0044444444444444444
16 0.3477777777777778 0.268 0.006666666666666667 0.0026666666666666666
32 0.2877777777777778 0.2644444444444444 0.017777777777777778 0.011555555555555555
26 0.6583333333333333 0.7648888888888888 0.023333333333333334 0.03111111111111111
25 0.6322222222222222 0.7675555555555555 0.028888888888888888 0.025777777777777778
18 0.6066666666666667 0.768 0.022222222222222223 0.02666666666666667
4 0.5777777777777777 0.7671111111111111 0.017777777777777778 0.032
4 0.5561111111111111 0.7702222222222223 0.016666666666666666 0.025777777777777778
4 0.5361111111111111 0.7702222222222223 0.01888888888888889 0.024
4 0.5155555555555555 0.7697777777777778 0.02 0.02311111111111111