16 0.6472222222222223 0.588 0.17 0.07555555555555556
32 0.51 0.5911111111111111 0.8555555555555555 0.4711111111111111
29 0.7105555555555556 0.6008888888888889 0.012222222222222223 0.033777777777777775
17 0.6872222222222222 0.6008888888888889 0.016666666666666666 0.030222222222222223
17 0.6644444444444444 0.6008888888888889 0.017777777777777778 0.033777777777777775
5 0.6355555555555555 0.5982222222222222 0.017777777777777778 0.030222222222222223
5 0.6183333333333333 0.5964444444444444 0.01888888888888889 0.030222222222222223
5 0.5988888888888889 0.5968888888888889 0.015555555555555555 0.029333333333333333
5 0.58 0.5973333333333334 0.017777777777777778 0.030222222222222223
32 0.09888888888888889 0.42933333333333334 0.057777777777777775 0.05333333333333334
32 0.9011111111111111 0.4737777777777778 0.06888888888888889 0.03911111111111111