16 0.5893518518518519 0.14537037037037037 0.09722222222222222 0.05925925925925926
32 0.5814814814814815 0.14444444444444443 0.4111111111111111 0.28888888888888886
32 0.1259259259259259 0.09722222222222222 0.24814814814814815 0.19444444444444445
32 0.9537037037037037 0.22407407407407406 0.08518518518518518 0.2111111111111111
32 0.30925925925925923 0.04537037037037037 0.09259259259259259 0.08703703703703704
32 0.2712962962962963 0.06944444444444445 0.05740740740740741 0.11666666666666667
32 0.8796296296296297 0.08055555555555556 0.14444444444444443 0.08703703703703704
32 0.7731481481481481 0.05555555555555555 0.07592592592592592 0.10740740740740741
29 0.625462962962963 0.15787037037037038 0.008333333333333333 0.023148148148148147
17 0.6111111111111112 0.15833333333333333 0.011111111111111112 0.022222222222222223
17 0.5972222222222222 0.15648148148148147 0.012962962962962963 0.022222222222222223
5 0.5833333333333334 0.15555555555555556 0.011111111111111112 0.022222222222222223
5 0.5722222222222222 0.15416666666666667 0.011111111111111112 0.023148148148148147
5 0.562037037037037 0.1527777777777778 0.009259259259259259 0.020370370370370372
5 0.55 0.15462962962962962 0.011111111111111112 0.022222222222222223