16 0.5476851851851852 0.2662037037037037 0.1287037037037037 0.06944444444444445
32 0.5435185185185185 0.22962962962962963 0.5537037037037037 0.3333333333333333
32 0.21898148148148147 0.15046296296296297 0.1361111111111111 0.08611111111111111
32 0.02175925925925926 0.14583333333333334 0.04351851851851852 0.18796296296296297
32 0.08009259259259259 0.09027777777777778 0.15462962962962962 0.15648148148148147
32 0.29768518518518516 0.13564814814814816 0.03981481481481482 0.04351851851851852
32 0.7847222222222222 0.17407407407407408 0.04351851851851852 0.04259259259259259
16 0.20694444444444443 0.15092592592592594 0.028703703703703703 0.014814814814814815
16 0.5967592592592592 0.2810185185185185 0.008333333333333333 0.026851851851851852
17 0.5777777777777777 0.28055555555555556 0.014814814814814815 0.025925925925925925
17 0.5578703703703703 0.2800925925925926 0.013888888888888888 0.026851851851851852
5 0.5393518518518519 0.2773148148148148 0.012037037037037037 0.025
5 0.525 0.2763888888888889 0.012962962962962963 0.026851851851851852
5 0.5115740740740741 0.275 0.013888888888888888 0.02962962962962963
5 0.4981481481481482 0.274537037037037 0.011111111111111112 0.025