16 0.43194444444444446 0.6588888888888889 0.1527777777777778 0.06666666666666667
32 0.5277777777777778 0.5227777777777778 0.9444444444444444 0.65
32 0.04097222222222222 0.30333333333333334 0.07916666666666666 0.12444444444444444
32 0.0798611111111111 0.3466666666666667 0.05694444444444444 0.10444444444444445
32 0.9590277777777778 0.4338888888888889 0.08194444444444444 0.09222222222222222
32 0.9625 0.3288888888888889 0.06666666666666667 0.08222222222222222
19 0.4909722222222222 0.6661111111111111 0.020833333333333332 0.025555555555555557
15 0.46875 0.6677777777777778 0.020833333333333332 0.02666666666666667
19 0.4465277777777778 0.6677777777777778 0.020833333333333332 0.024444444444444446
0 0.4215277777777778 0.6688888888888889 0.0125 0.024444444444444446
0 0.40555555555555556 0.6688888888888889 0.011111111111111112 0.02666666666666667
0 0.3888888888888889 0.6683333333333333 0.011111111111111112 0.023333333333333334
0 0.3715277777777778 0.67 0.0125 0.02666666666666667