16 0.49114583333333334 0.8409722222222222 0.26145833333333335 0.14305555555555555
32 0.490625 0.46041666666666664 0.9791666666666666 0.9208333333333333
32 0.8677083333333333 0.2361111111111111 0.26458333333333334 0.3416666666666667
16 0.9703125 0.32916666666666666 0.059375 0.06388888888888888
29 0.5869791666666667 0.8645833333333334 0.015625 0.06527777777777778
22 0.5479166666666667 0.8666666666666667 0.03958333333333333 0.04722222222222222
34 0.5114583333333333 0.8673611111111111 0.025 0.043055555555555555
9 0.46875 0.8645833333333334 0.027083333333333334 0.0625
9 0.44114583333333335 0.8638888888888889 0.023958333333333335 0.06111111111111111
9 0.4114583333333333 0.8631944444444445 0.025 0.05694444444444444
9 0.38177083333333334 0.8618055555555556 0.023958333333333335 0.05416666666666667