16 0.5194444444444445 0.5712962962962963 0.21666666666666667 0.10925925925925926
32 0.49907407407407406 0.49166666666666664 0.8648148148148148 0.7092592592592593
32 0.9268518518518518 0.36018518518518516 0.14629629629629629 0.4648148148148148
32 0.03333333333333333 0.3574074074074074 0.06666666666666667 0.26296296296296295
23 0.6032407407407407 0.5842592592592593 0.025 0.044444444444444446
23 0.5699074074074074 0.5847222222222223 0.028703703703703703 0.04351851851851852
23 0.5398148148148149 0.5856481481481481 0.024074074074074074 0.041666666666666664
3 0.5046296296296297 0.5851851851851851 0.018518518518518517 0.04814814814814815
3 0.48333333333333334 0.5824074074074074 0.020370370370370372 0.04814814814814815
3 0.4597222222222222 0.5833333333333334 0.01574074074074074 0.04814814814814815
3 0.43657407407407406 0.5819444444444445 0.021296296296296296 0.04351851851851852