16 0.5171296296296296 0.5641975308641975 0.16944444444444445 0.11604938271604938
32 0.5194444444444445 0.4604938271604938 0.6925925925925925 0.7037037037037037
32 0.05416666666666667 0.15123456790123457 0.10648148148148148 0.1
32 0.1712962962962963 0.1617283950617284 0.11481481481481481 0.09382716049382717
32 0.27037037037037037 0.15679012345679014 0.09074074074074075 0.08888888888888889
32 0.7967592592592593 0.16419753086419753 0.1361111111111111 0.08888888888888889
16 0.06620370370370371 0.15925925925925927 0.023148148148148147 0.01728395061728395
16 0.19675925925925927 0.15864197530864196 0.017592592592592594 0.011111111111111112
16 0.28703703703703703 0.1617283950617284 0.014814814814814815 0.009876543209876543
18 0.5810185185185185 0.5845679012345679 0.021296296296296296 0.040740740740740744
37 0.5555555555555556 0.582716049382716 0.025925925925925925 0.04938271604938271
17 0.5314814814814814 0.582716049382716 0.018518518518518517 0.04938271604938271
4 0.5046296296296297 0.5814814814814815 0.016666666666666666 0.037037037037037035
4 0.4861111111111111 0.5802469135802469 0.016666666666666666 0.0345679012345679
4 0.4675925925925926 0.5802469135802469 0.018518518518518517 0.037037037037037035
4 0.449537037037037 0.5796296296296296 0.017592592592592594 0.03580246913580247