16 0.43333333333333335 0.728 0.21555555555555556 0.08888888888888889
32 0.5 0.5413333333333333 0.9333333333333333 0.6168888888888889
32 0.08 0.3982222222222222 0.09333333333333334 0.1671111111111111
32 0.2411111111111111 0.2777777777777778 0.15777777777777777 0.12
32 0.12333333333333334 0.20222222222222222 0.1711111111111111 0.11644444444444445
32 0.5927777777777777 0.21511111111111111 0.3611111111111111 0.07644444444444444
32 0.31 0.20044444444444445 0.13333333333333333 0.03288888888888889
32 0.36277777777777775 0.17333333333333334 0.08333333333333333 0.032
32 0.22777777777777777 0.16177777777777777 0.057777777777777775 0.04622222222222222
32 0.43277777777777776 0.16444444444444445 0.056666666666666664 0.032
32 0.3 0.17466666666666666 0.035555555555555556 0.022222222222222223
16 0.2561111111111111 0.32622222222222225 0.03 0.019555555555555555
15 0.48277777777777775 0.7426666666666667 0.03222222222222222 0.034666666666666665
0 0.3794444444444444 0.7373333333333333 0.021111111111111112 0.03822222222222222