16 0.4772222222222222 0.5582222222222222 0.17888888888888888 0.07288888888888889
32 0.4711111111111111 0.5351111111111111 0.7777777777777778 0.49422222222222223
32 0.8888888888888888 0.4031111111111111 0.06 0.06311111111111112
32 0.8461111111111111 0.38755555555555554 0.09888888888888889 0.064
32 0.7816666666666666 0.38133333333333336 0.04111111111111111 0.05333333333333334
16 0.8144444444444444 0.3888888888888889 0.017777777777777778 0.009777777777777778
19 0.5444444444444444 0.5706666666666667 0.024444444444444446 0.030222222222222223
19 0.5177777777777778 0.5702222222222222 0.02666666666666667 0.029333333333333333
3 0.4627777777777778 0.5697777777777778 0.01888888888888889 0.032
3 0.445 0.5711111111111111 0.01888888888888889 0.029333333333333333
3 0.42388888888888887 0.5728888888888889 0.01888888888888889 0.027555555555555555
3 0.405 0.5724444444444444 0.01888888888888889 0.028444444444444446