16 0.20088300220750552 0.7994579945799458 0.11479028697571744 0.0921409214092141
32 0.47792494481236203 0.5623306233062331 0.8410596026490066 0.6585365853658537
32 0.1479028697571744 0.4159891598915989 0.2958057395143488 0.4037940379403794
32 0.9503311258278145 0.7073170731707317 0.09933774834437085 0.4823848238482385
32 0.9249448123620309 0.27371273712737126 0.15011037527593818 0.0975609756097561
29 0.23841059602649006 0.8170731707317073 0.013245033112582781 0.03523035230352303
11 0.22626931567328917 0.8143631436314364 0.017660044150110375 0.03523035230352303
12 0.2097130242825607 0.8102981029810298 0.013245033112582781 0.032520325203252036
0 0.18653421633554085 0.8075880758807588 0.011037527593818985 0.032520325203252036
0 0.17660044150110377 0.8075880758807588 0.008830022075055188 0.032520325203252036
0 0.16666666666666666 0.8062330623306233 0.011037527593818985 0.03523035230352303