16 0.5205555555555555 0.404 0.1322222222222222 0.05422222222222222
32 0.5055555555555555 0.45955555555555555 0.6288888888888889 0.42844444444444446
32 0.17777777777777778 0.3973333333333333 0.06 0.09955555555555555
32 0.8266666666666667 0.4013333333333333 0.04888888888888889 0.10044444444444445
17 0.5694444444444444 0.41333333333333333 0.012222222222222223 0.019555555555555555
17 0.5522222222222222 0.412 0.013333333333333334 0.022222222222222223
17 0.5338888888888889 0.41155555555555556 0.012222222222222223 0.021333333333333333
2 0.5138888888888888 0.4111111111111111 0.014444444444444444 0.020444444444444446
2 0.49944444444444447 0.4111111111111111 0.014444444444444444 0.020444444444444446
2 0.48388888888888887 0.4102222222222222 0.014444444444444444 0.020444444444444446
2 0.47 0.41155555555555556 0.013333333333333334 0.02311111111111111