16 0.5560185185185185 0.7228395061728395 0.15462962962962962 0.09753086419753086
32 0.5361111111111111 0.4327160493827161 0.6314814814814815 0.7222222222222222
32 0.052314814814814814 0.16790123456790124 0.09907407407407408 0.18765432098765433
32 0.12685185185185185 0.13024691358024693 0.17407407407407408 0.1419753086419753
32 0.27314814814814814 0.059876543209876544 0.09074074074074075 0.11975308641975309
32 0.31666666666666665 0.09938271604938272 0.046296296296296294 0.08271604938271605
16 0.0763888888888889 0.13209876543209875 0.026851851851851852 0.024691358024691357
16 0.31666666666666665 0.12469135802469136 0.018518518518518517 0.022222222222222223
22 0.6023148148148149 0.7364197530864197 0.021296296296296296 0.025925925925925925
22 0.5805555555555556 0.7388888888888889 0.020370370370370372 0.02345679012345679
2 0.5481481481481482 0.7395061728395061 0.014814814814814815 0.0345679012345679
2 0.5314814814814814 0.7395061728395061 0.012962962962962963 0.037037037037037035
2 0.5148148148148148 0.7401234567901235 0.014814814814814815 0.03580246913580247
2 0.4986111111111111 0.7376543209876543 0.013888888888888888 0.03580246913580247