16 0.3537037037037037 0.8197530864197531 0.17222222222222222 0.13333333333333333
32 0.47314814814814815 0.5074074074074074 0.7240740740740741 0.854320987654321
32 0.2671296296296296 0.1425925925925926 0.11203703703703703 0.06790123456790123
32 0.09166666666666666 0.18765432098765433 0.14074074074074075 0.1037037037037037
32 0.04490740740740741 0.14320987654320988 0.08981481481481482 0.056790123456790124
32 0.31574074074074077 0.11481481481481481 0.040740740740740744 0.044444444444444446
32 0.21203703703703702 0.11604938271604938 0.044444444444444446 0.0345679012345679
32 0.14074074074074075 0.11851851851851852 0.024074074074074074 0.02962962962962963
16 0.040740740740740744 0.18580246913580248 0.020370370370370372 0.018518518518518517
16 0.22268518518518518 0.1648148148148148 0.008333333333333333 0.008641975308641974
18 0.41712962962962963 0.8506172839506173 0.019444444444444445 0.03950617283950617
37 0.3907407407407407 0.8481481481481481 0.027777777777777776 0.044444444444444446
17 0.36527777777777776 0.8419753086419753 0.013888888888888888 0.04197530864197531
4 0.33935185185185185 0.8382716049382716 0.013888888888888888 0.02962962962962963
4 0.3212962962962963 0.832716049382716 0.012962962962962963 0.030864197530864196
4 0.30462962962962964 0.8290123456790124 0.014814814814814815 0.028395061728395062
4 0.2884259259259259 0.8222222222222222 0.013888888888888888 0.02962962962962963