16 0.4898148148148148 0.7320987654320987 0.17037037037037037 0.10617283950617284
32 0.47129629629629627 0.45308641975308644 0.6925925925925925 0.7160493827160493
32 0.8578703703703704 0.34012345679012346 0.28425925925925927 0.5765432098765432
32 0.6805555555555556 0.17839506172839506 0.1425925925925926 0.13209876543209875
32 0.05185185185185185 0.14444444444444443 0.05 0.06172839506172839
32 0.011574074074074073 0.1271604938271605 0.023148148148148147 0.08148148148148149
16 0.05462962962962963 0.14382716049382716 0.020370370370370372 0.011111111111111112
18 0.5527777777777778 0.7475308641975309 0.020370370370370372 0.03580246913580247
37 0.5277777777777778 0.7512345679012346 0.027777777777777776 0.040740740740740744
17 0.5041666666666667 0.7530864197530864 0.017592592592592594 0.04197530864197531
4 0.47685185185185186 0.754320987654321 0.016666666666666666 0.02962962962962963
4 0.46064814814814814 0.754320987654321 0.01574074074074074 0.02962962962962963
4 0.44027777777777777 0.7524691358024691 0.01574074074074074 0.030864197530864196
4 0.4222222222222222 0.7512345679012346 0.018518518518518517 0.03333333333333333