16 0.5327777777777778 0.5391111111111111 0.11 0.04711111111111111
32 0.53 0.5528888888888889 0.4955555555555556 0.32355555555555554
32 0.8122222222222222 0.4911111111111111 0.07777777777777778 0.07733333333333334
16 0.8311111111111111 0.5044444444444445 0.024444444444444446 0.011555555555555555
32 0.18777777777777777 0.4653333333333333 0.07333333333333333 0.034666666666666665
29 0.5744444444444444 0.5448888888888889 0.006666666666666667 0.016
22 0.5577777777777778 0.5444444444444444 0.017777777777777778 0.013333333333333334
34 0.5422222222222223 0.5444444444444444 0.013333333333333334 0.015111111111111112
3 0.525 0.5448888888888889 0.01 0.017777777777777778
3 0.5138888888888888 0.544 0.012222222222222223 0.019555555555555555
3 0.5016666666666667 0.544 0.01 0.019555555555555555
3 0.4888888888888889 0.544 0.008888888888888889 0.017777777777777778