16 0.4875 0.7 0.2361111111111111 0.15739644970414202
32 0.513425925925926 0.4710059171597633 0.9194444444444444 0.7834319526627219
32 0.9143518518518519 0.2319526627218935 0.13240740740740742 0.12781065088757396
32 0.9745370370370371 0.2923076923076923 0.05092592592592592 0.15384615384615385
16 0.9703703703703703 0.3384615384615385 0.03518518518518519 0.033136094674556214
32 0.01898148148148148 0.23668639053254437 0.03796296296296296 0.06627218934911243
32 0.07175925925925926 0.23491124260355029 0.06388888888888888 0.0650887573964497
32 0.11851851851851852 0.2319526627218935 0.027777777777777776 0.06390532544378698
32 0.18564814814814815 0.21893491124260356 0.049074074074074076 0.06390532544378698
23 0.5768518518518518 0.7254437869822485 0.03333333333333333 0.06153846153846154
25 0.5439814814814815 0.7313609467455622 0.032407407407407406 0.054437869822485205
31 0.5087962962962963 0.7289940828402367 0.030555555555555555 0.054437869822485205
0 0.46944444444444444 0.7224852071005917 0.018518518518518517 0.0650887573964497
0 0.44722222222222224 0.7248520710059172 0.025925925925925925 0.06982248520710059
0 0.4199074074074074 0.7260355029585799 0.019444444444444445 0.06982248520710059
0 0.3912037037037037 0.7230769230769231 0.023148148148148147 0.06627218934911243