16 0.5152777777777777 0.69 0.21944444444444444 0.07629629629629629
32 0.5083333333333333 0.4640740740740741 0.9796296296296296 0.6096296296296296
32 0.7875 0.1425925925925926 0.3101851851851852 0.07037037037037037
32 0.9050925925925926 0.2848148148148148 0.18981481481481483 0.23925925925925925
32 0.02546296296296296 0.3351851851851852 0.05092592592592592 0.18888888888888888
13 0.5847222222222223 0.6955555555555556 0.030555555555555555 0.028148148148148148
22 0.5523148148148148 0.6955555555555556 0.03611111111111111 0.025185185185185185
0 0.500462962962963 0.6977777777777778 0.019444444444444445 0.037037037037037035
0 0.47638888888888886 0.6988888888888889 0.017592592592592594 0.0362962962962963
0 0.449537037037037 0.6992592592592592 0.021296296296296296 0.04
0 0.4263888888888889 0.6981481481481482 0.019444444444444445 0.0362962962962963