16 0.49166666666666664 0.7982673267326733 0.23333333333333334 0.15099009900990099
32 0.4981481481481482 0.4839108910891089 0.9277777777777778 0.9133663366336634
32 0.9398148148148148 0.28589108910891087 0.12037037037037036 0.49257425742574257
32 0.07083333333333333 0.18254950495049505 0.14166666666666666 0.3155940594059406
32 0.16157407407407406 0.09158415841584158 0.10648148148148148 0.18316831683168316
32 0.8263888888888888 0.1188118811881188 0.1527777777777778 0.2376237623762376
11 0.5819444444444445 0.8242574257425742 0.030555555555555555 0.06188118811881188
15 0.5486111111111112 0.8211633663366337 0.026851851851851852 0.0655940594059406
25 0.5148148148148148 0.8242574257425742 0.03148148148148148 0.05693069306930693
9 0.4787037037037037 0.8248762376237624 0.020370370370370372 0.05816831683168317
9 0.4537037037037037 0.8261138613861386 0.022222222222222223 0.06064356435643564
9 0.4273148148148148 0.8248762376237624 0.023148148148148147 0.06311881188118812
9 0.4013888888888889 0.8236386138613861 0.021296296296296296 0.06064356435643564