16 0.5953333333333334 0.5186666666666667 0.1 0.056
32 0.43666666666666665 0.464 0.6706666666666666 0.432
32 0.894 0.49733333333333335 0.212 0.3546666666666667
32 0.8566666666666667 0.3566666666666667 0.13466666666666666 0.08666666666666667
32 0.15 0.2733333333333333 0.068 0.09333333333333334
32 0.07733333333333334 0.252 0.06133333333333333 0.06933333333333333
32 0.023333333333333334 0.31733333333333336 0.044 0.168
18 0.6353333333333333 0.5293333333333333 0.012 0.021333333333333333
37 0.622 0.528 0.014666666666666666 0.024
20 0.6066666666666667 0.53 0.013333333333333334 0.02
0 0.5893333333333334 0.528 0.008 0.024
0 0.5773333333333334 0.5266666666666666 0.008 0.024
0 0.5653333333333334 0.5273333333333333 0.010666666666666666 0.025333333333333333
0 0.5546666666666666 0.5273333333333333 0.008 0.025333333333333333
16 0.08666666666666667 0.25333333333333335 0.016 0.016
16 0.176 0.2906666666666667 0.016 0.018666666666666668