16 0.5077777777777778 0.3662222222222222 0.12 0.051555555555555556
32 0.4 0.24711111111111111 0.6844444444444444 0.3591111111111111
32 0.8511111111111112 0.15866666666666668 0.2311111111111111 0.26755555555555555
32 0.6316666666666667 0.11422222222222222 0.1411111111111111 0.08266666666666667
16 0.6511111111111111 0.13377777777777777 0.028888888888888888 0.009777777777777778
32 0.08611111111111111 0.10666666666666667 0.06777777777777778 0.08711111111111111
23 0.5533333333333333 0.376 0.013333333333333334 0.02311111111111111
25 0.5383333333333333 0.37555555555555553 0.016666666666666666 0.018666666666666668
31 0.5216666666666666 0.37777777777777777 0.01888888888888889 0.016
6 0.5027777777777778 0.37555555555555553 0.012222222222222223 0.018666666666666668
6 0.48777777777777775 0.37555555555555553 0.011111111111111112 0.016888888888888887
6 0.47555555555555556 0.37555555555555553 0.015555555555555555 0.018666666666666668
6 0.46111111111111114 0.376 0.013333333333333334 0.019555555555555555