16 0.7328159645232816 0.744 0.1419068736141907 0.07288888888888889
32 0.508869179600887 0.5911111111111111 0.8580931263858093 0.496
32 0.8015521064301552 0.4533333333333333 0.3968957871396896 0.2702222222222222
32 0.12305986696230599 0.3111111111111111 0.24611973392461198 0.096
32 0.43680709534368073 0.32266666666666666 0.3858093126385809 0.08177777777777778
32 0.3032150776053215 0.29555555555555557 0.14966740576496673 0.036444444444444446
32 0.19290465631929046 0.29333333333333333 0.082039911308204 0.037333333333333336
32 0.14745011086474502 0.2782222222222222 0.07538802660753881 0.02666666666666667
32 0.7322616407982262 0.31555555555555553 0.06097560975609756 0.032
32 0.6729490022172949 0.31377777777777777 0.057649667405764965 0.037333333333333336
32 0.6069844789356984 0.32 0.07427937915742794 0.04622222222222222
11 0.7854767184035477 0.7475555555555555 0.01662971175166297 0.02311111111111111
15 0.7660753880266076 0.7493333333333333 0.015521064301552107 0.02311111111111111
25 0.7472283813747228 0.7546666666666667 0.019955654101995565 0.021333333333333333
9 0.7250554323725056 0.7551111111111111 0.011086474501108648 0.024
9 0.7106430155210643 0.7564444444444445 0.013303769401330377 0.024888888888888887
9 0.6934589800443459 0.7573333333333333 0.014412416851441241 0.024888888888888887
9 0.6773835920177383 0.7586666666666667 0.015521064301552107 0.025777777777777778