16 0.474 0.51 0.16666666666666666 0.07866666666666666
32 0.46266666666666667 0.336 0.848 0.672
32 0.023333333333333334 0.14733333333333334 0.04666666666666667 0.17466666666666666
16 0.015333333333333332 0.21 0.028 0.030666666666666665
32 0.9533333333333334 0.07133333333333333 0.06933333333333333 0.07333333333333333
32 0.8473333333333334 0.06466666666666666 0.044 0.03866666666666667
18 0.5253333333333333 0.524 0.021333333333333333 0.034666666666666665
29 0.5026666666666667 0.5233333333333333 0.010666666666666666 0.036
0 0.46 0.5246666666666666 0.013333333333333334 0.036
0 0.442 0.524 0.014666666666666666 0.037333333333333336
0 0.42333333333333334 0.5233333333333333 0.009333333333333334 0.036
0 0.4033333333333333 0.5226666666666666 0.014666666666666666 0.037333333333333336