16 0.5633333333333334 0.3164444444444444 0.15777777777777777 0.06933333333333333
32 0.54 0.2906666666666667 0.6088888888888889 0.35733333333333334
32 0.8933333333333333 0.2222222222222222 0.14666666666666667 0.192
32 0.105 0.15688888888888888 0.1388888888888889 0.057777777777777775
32 0.21944444444444444 0.15688888888888888 0.10777777777777778 0.041777777777777775
32 0.78 0.13866666666666666 0.07555555555555556 0.033777777777777775
32 0.7088888888888889 0.1408888888888889 0.05555555555555555 0.027555555555555555
32 0.85 0.14133333333333334 0.04888888888888889 0.024888888888888887
32 0.9 0.136 0.04888888888888889 0.02311111111111111
18 0.6205555555555555 0.3244444444444444 0.01888888888888889 0.02311111111111111
18 0.5994444444444444 0.3253333333333333 0.01888888888888889 0.022222222222222223
18 0.5772222222222222 0.3253333333333333 0.01888888888888889 0.02311111111111111
5 0.5444444444444444 0.3253333333333333 0.017777777777777778 0.028444444444444446
5 0.5283333333333333 0.3257777777777778 0.016666666666666666 0.024
5 0.5111111111111111 0.32622222222222225 0.017777777777777778 0.024888888888888887