16 0.4766666666666667 0.45466666666666666 0.16666666666666666 0.07555555555555556
32 0.52 0.36977777777777776 0.72 0.41955555555555557
32 0.9122222222222223 0.36177777777777775 0.11333333333333333 0.1831111111111111
32 0.059444444444444446 0.36844444444444446 0.06111111111111111 0.16444444444444445
32 0.105 0.2986666666666667 0.15 0.09955555555555555
16 0.07222222222222222 0.3244444444444444 0.022222222222222223 0.019555555555555555
24 0.5394444444444444 0.46844444444444444 0.025555555555555557 0.02666666666666667
24 0.5155555555555555 0.468 0.024444444444444446 0.022222222222222223
6 0.46444444444444444 0.46444444444444444 0.015555555555555555 0.027555555555555555
6 0.4461111111111111 0.4622222222222222 0.016666666666666666 0.028444444444444446
6 0.42777777777777776 0.46266666666666667 0.017777777777777778 0.025777777777777778
6 0.40944444444444444 0.4613333333333333 0.01888888888888889 0.02666666666666667