16 0.4375 0.5339506172839507 0.11018518518518519 0.07530864197530865
32 0.4564814814814815 0.532716049382716 0.5 0.49753086419753084
32 0.7615740740740741 0.3845679012345679 0.22685185185185186 0.3419753086419753
32 0.9291666666666667 0.27283950617283953 0.14166666666666666 0.1506172839506173
32 0.9472222222222222 0.3771604938271605 0.10185185185185185 0.15432098765432098
32 0.020833333333333332 0.40925925925925927 0.03611111111111111 0.0654320987654321
32 0.04861111111111111 0.41358024691358025 0.03796296296296296 0.056790123456790124
32 0.25833333333333336 0.39753086419753086 0.03148148148148148 0.04197530864197531
32 0.21481481481481482 0.4 0.027777777777777776 0.037037037037037035
32 0.1962962962962963 0.3969135802469136 0.018518518518518517 0.030864197530864196
18 0.4787037037037037 0.5438271604938272 0.016666666666666666 0.028395061728395062
17 0.4634259259259259 0.5456790123456791 0.013888888888888888 0.03209876543209877
20 0.4476851851851852 0.5475308641975308 0.013888888888888888 0.025925925925925925
0 0.4305555555555556 0.5469135802469136 0.007407407407407408 0.03209876543209877
0 0.41898148148148145 0.5469135802469136 0.008333333333333333 0.02962962962962963
0 0.4074074074074074 0.5475308641975308 0.011111111111111112 0.028395061728395062
0 0.3958333333333333 0.5475308641975308 0.008333333333333333 0.03333333333333333