16 0.4842592592592593 0.7631241997439181 0.2462962962962963 0.17157490396927016
32 0.5444444444444444 0.5358514724711908 0.9111111111111111 0.7797695262483995
32 0.05138888888888889 0.441101152368758 0.10277777777777777 0.674775928297055
32 0.9185185185185185 0.21830985915492956 0.16296296296296298 0.3085787451984635
11 0.5796296296296296 0.7912932138284251 0.03518518518518519 0.07426376440460948
15 0.5416666666666666 0.7810499359795134 0.03333333333333333 0.07170294494238157
25 0.5050925925925925 0.7842509603072984 0.03425925925925926 0.06274007682458387
9 0.4666666666666667 0.7823303457106274 0.027777777777777776 0.07426376440460948
9 0.44027777777777777 0.7791293213828425 0.025 0.07298335467349552
9 0.412962962962963 0.7823303457106274 0.02962962962962963 0.06914212548015365
9 0.38657407407407407 0.7810499359795134 0.023148148148148147 0.07426376440460948