16 0.46944444444444444 0.3973333333333333 0.1322222222222222 0.051555555555555556
32 0.45666666666666667 0.3257777777777778 0.5866666666666667 0.3422222222222222
32 0.07666666666666666 0.2693333333333333 0.08444444444444445 0.10666666666666667
32 0.16333333333333333 0.2857777777777778 0.05555555555555555 0.1537777777777778
32 0.7577777777777778 0.27111111111111114 0.10444444444444445 0.10844444444444444
16 0.7938888888888889 0.27555555555555555 0.027777777777777776 0.019555555555555555
31 0.5166666666666667 0.4071111111111111 0.017777777777777778 0.019555555555555555
23 0.49833333333333335 0.4053333333333333 0.016666666666666666 0.019555555555555555
15 0.4811111111111111 0.4057777777777778 0.015555555555555555 0.018666666666666668
6 0.46166666666666667 0.40444444444444444 0.014444444444444444 0.019555555555555555
6 0.4477777777777778 0.40444444444444444 0.013333333333333334 0.019555555555555555
6 0.43333333333333335 0.40444444444444444 0.015555555555555555 0.019555555555555555
6 0.4211111111111111 0.40444444444444444 0.013333333333333334 0.019555555555555555