16 0.505 0.3893333333333333 0.12111111111111111 0.048
32 0.5166666666666667 0.36533333333333334 0.5244444444444445 0.3377777777777778
32 0.15666666666666668 0.2613333333333333 0.24444444444444444 0.14577777777777778
32 0.26166666666666666 0.20755555555555555 0.1988888888888889 0.06844444444444445
32 0.7805555555555556 0.2262222222222222 0.31 0.13777777777777778
32 0.07166666666666667 0.1448888888888889 0.08333333333333333 0.04622222222222222
32 0.9516666666666667 0.3368888888888889 0.034444444444444444 0.18133333333333335
32 0.11055555555555556 0.13333333333333333 0.06111111111111111 0.02311111111111111
32 0.6205555555555555 0.13244444444444445 0.19 0.03911111111111111
32 0.5794444444444444 0.11244444444444444 0.1922222222222222 0.03288888888888889
32 0.4683333333333333 0.12444444444444444 0.025555555555555557 0.016
32 0.7166666666666667 0.12222222222222222 0.07333333333333333 0.018666666666666668
29 0.5511111111111111 0.39644444444444443 0.008888888888888889 0.021333333333333333
22 0.5327777777777778 0.39644444444444443 0.016666666666666666 0.016
34 0.5161111111111111 0.3973333333333333 0.012222222222222223 0.016
1 0.47888888888888886 0.39644444444444443 0.015555555555555555 0.019555555555555555