16 0.48 0.6262222222222222 0.17777777777777778 0.06666666666666667
32 0.4988888888888889 0.42044444444444445 0.7622222222222222 0.5137777777777778
32 0.07333333333333333 0.2737777777777778 0.08888888888888889 0.22044444444444444
32 0.8822222222222222 0.3048888888888889 0.1688888888888889 0.2577777777777778
32 0.1988888888888889 0.18977777777777777 0.17333333333333334 0.10755555555555556
32 0.3738888888888889 0.16755555555555557 0.12555555555555556 0.07377777777777778
32 0.7722222222222223 0.17466666666666666 0.19777777777777777 0.08266666666666667
32 0.8938888888888888 0.156 0.1411111111111111 0.06844444444444445
32 0.07222222222222222 0.17066666666666666 0.08 0.08355555555555555
16 0.17777777777777778 0.22044444444444444 0.035555555555555556 0.017777777777777778
16 0.83 0.20755555555555555 0.02666666666666667 0.016888888888888887
34 0.5233333333333333 0.64 0.024444444444444446 0.02666666666666667
0 0.44055555555555553 0.6368888888888888 0.023333333333333334 0.025777777777777778