16 0.44564102564102565 0.6900656814449918 0.12410256410256411 0.05665024630541872
32 0.5041025641025642 0.6079638752052545 0.5815384615384616 0.41625615763546797
32 0.07025641025641026 0.5582922824302134 0.13025641025641024 0.24302134646962234
32 0.8517948717948718 0.4211822660098522 0.03794871794871795 0.0180623973727422
32 0.7779487179487179 0.4248768472906404 0.033846153846153845 0.017241379310344827
32 0.7333333333333333 0.42651888341543515 0.041025641025641026 0.017241379310344827
32 0.13435897435897437 0.4445812807881773 0.07384615384615385 0.020525451559934318
32 0.0882051282051282 0.45566502463054187 0.043076923076923075 0.024630541871921183
22 0.4835897435897436 0.6990968801313628 0.019487179487179488 0.018883415435139574
22 0.4646153846153846 0.6982758620689655 0.018461538461538463 0.018883415435139574
1 0.4379487179487179 0.6990968801313628 0.014358974358974359 0.023809523809523808
1 0.4230769230769231 0.6995073891625616 0.013333333333333334 0.024630541871921183
1 0.41025641025641024 0.6986863711001642 0.012307692307692308 0.022988505747126436
1 0.39692307692307693 0.6982758620689655 0.014358974358974359 0.022167487684729065