16 0.4449074074074074 0.5808909730363423 0.1935185185185185 0.15826494724501758
16 0.3490740740740741 0.28077373974208675 0.027777777777777776 0.03399765533411489
32 0.6069444444444444 0.4912075029308324 0.7861111111111111 0.9073856975381008
32 0.3736111111111111 0.19929660023446658 0.24351851851851852 0.29073856975381007
32 0.12037037037037036 0.28839390386869873 0.24074074074074073 0.24150058616647127
32 0.10324074074074074 0.6148886283704572 0.2064814814814815 0.4044548651817116
31 0.5078703703703704 0.6113716295427901 0.026851851851851852 0.05509964830011723
22 0.4791666666666667 0.6072684642438453 0.028703703703703703 0.044548651817116064
17 0.4532407407407407 0.604337631887456 0.021296296296296296 0.059788980070339975
2 0.4166666666666667 0.5955451348182884 0.022222222222222223 0.06565064478311841
2 0.39861111111111114 0.5967174677608441 0.017592592592592594 0.06565064478311841
2 0.37824074074074077 0.5961313012895663 0.021296296296296296 0.06447831184056271