16 0.5476851851851852 0.7561881188118812 0.23055555555555557 0.16831683168316833
32 0.5935185185185186 0.4900990099009901 0.812962962962963 0.8935643564356436
32 0.30416666666666664 0.286509900990099 0.30277777777777776 0.3997524752475248
32 0.10046296296296296 0.3719059405940594 0.20092592592592592 0.40470297029702973
17 0.6347222222222222 0.7858910891089109 0.023148148148148147 0.06435643564356436
13 0.6018518518518519 0.7877475247524752 0.03148148148148148 0.050742574257425746
17 0.5685185185185185 0.7846534653465347 0.025925925925925925 0.06435643564356436
1 0.5356481481481481 0.7840346534653465 0.026851851851851852 0.07797029702970297
1 0.5125 0.7790841584158416 0.021296296296296296 0.06806930693069307
1 0.487962962962963 0.775990099009901 0.022222222222222223 0.06435643564356436
1 0.46296296296296297 0.7766089108910891 0.022222222222222223 0.06311881188118812