16 0.47708674304418985 0.7610474631751227 0.19803600654664485 0.09492635024549918
32 0.49918166939443537 0.544189852700491 0.8085106382978723 0.6366612111292962
32 0.05482815057283143 0.44762684124386254 0.10965630114566285 0.24386252045826515
32 0.9574468085106383 0.45171849427168576 0.0851063829787234 0.27168576104746317
32 0.9083469721767594 0.3330605564648118 0.09165302782324058 0.08346972176759411
32 0.795417348608838 0.32978723404255317 0.049099836333878884 0.054009819967266774
16 0.9165302782324058 0.33469721767594107 0.022913256955810146 0.011456628477905073
24 0.5556464811783961 0.776595744680851 0.024549918166939442 0.031096563011456628
24 0.5245499181669394 0.7782324058919804 0.024549918166939442 0.031096563011456628
24 0.49754500818330605 0.7757774140752864 0.02618657937806874 0.029459901800327332
2 0.4623567921440262 0.7757774140752864 0.02127659574468085 0.03600654664484452
2 0.4402618657937807 0.7749590834697218 0.022913256955810146 0.04091653027823241
2 0.41734860883797054 0.7774140752864157 0.019639934533551555 0.03927986906710311
2 0.39361702127659576 0.7798690671031097 0.02127659574468085 0.04091653027823241