16 0.4716666666666667 0.43555555555555553 0.09444444444444444 0.03911111111111111
32 0.4633333333333333 0.43777777777777777 0.42444444444444446 0.232
32 0.7572222222222222 0.4048888888888889 0.14333333333333334 0.1288888888888889
32 0.835 0.45066666666666666 0.03222222222222222 0.14933333333333335
32 0.17333333333333334 0.39244444444444443 0.044444444444444446 0.029333333333333333
31 0.5072222222222222 0.44133333333333336 0.012222222222222223 0.009777777777777778
23 0.49277777777777776 0.4408888888888889 0.012222222222222223 0.012444444444444444
15 0.47944444444444445 0.44044444444444447 0.012222222222222223 0.016888888888888887
0 0.46055555555555555 0.44044444444444447 0.0077777777777777776 0.015111111111111112
0 0.4494444444444444 0.4408888888888889 0.0077777777777777776 0.014222222222222223
0 0.43944444444444447 0.4408888888888889 0.0077777777777777776 0.014222222222222223