16 0.6138888888888889 0.6826666666666666 0.1811111111111111 0.06933333333333333
32 0.5688888888888889 0.5208888888888888 0.7377777777777778 0.5546666666666666
31 0.6816666666666666 0.6968888888888889 0.025555555555555557 0.02311111111111111
23 0.6577777777777778 0.6951111111111111 0.022222222222222223 0.024888888888888887
15 0.63 0.6964444444444444 0.024444444444444446 0.025777777777777778
6 0.6022222222222222 0.6946666666666667 0.017777777777777778 0.025777777777777778
6 0.5827777777777777 0.6942222222222222 0.01888888888888889 0.028444444444444446
6 0.5633333333333334 0.6955555555555556 0.02 0.027555555555555555
6 0.5411111111111111 0.6942222222222222 0.022222222222222223 0.028444444444444446
32 0.15388888888888888 0.29333333333333333 0.2588888888888889 0.15466666666666667
32 0.9194444444444444 0.3928888888888889 0.16111111111111112 0.21866666666666668
32 0.765 0.2786666666666667 0.16555555555555557 0.088