16 0.47638888888888886 0.5693069306930693 0.14907407407407408 0.09653465346534654
32 0.4597222222222222 0.375 0.6138888888888889 0.655940594059406
32 0.8736111111111111 0.3254950495049505 0.25277777777777777 0.4975247524752475
32 0.7319444444444444 0.15284653465346534 0.1175925925925926 0.12747524752475248
32 0.20694444444444443 0.11943069306930693 0.12314814814814815 0.0952970297029703
31 0.5337962962962963 0.5897277227722773 0.019444444444444445 0.03341584158415842
23 0.512962962962963 0.5878712871287128 0.016666666666666666 0.03712871287128713
15 0.49074074074074076 0.5878712871287128 0.016666666666666666 0.03712871287128713
6 0.4685185185185185 0.5853960396039604 0.014814814814814815 0.03712871287128713
6 0.4527777777777778 0.5891089108910891 0.016666666666666666 0.039603960396039604
6 0.4361111111111111 0.5866336633663366 0.014814814814814815 0.03712871287128713
6 0.4199074074074074 0.5872524752475248 0.01574074074074074 0.038366336633663366