16 0.485 0.6807142857142857 0.18142857142857144 0.08428571428571428
32 0.485 0.5392857142857143 0.8271428571428572 0.5842857142857143
32 0.8057142857142857 0.36142857142857143 0.11428571428571428 0.09428571428571429
32 0.9378571428571428 0.325 0.12428571428571429 0.11571428571428571
29 0.5557142857142857 0.69 0.014285714285714285 0.04
17 0.5285714285714286 0.6928571428571428 0.017142857142857144 0.037142857142857144
25 0.5021428571428571 0.6921428571428572 0.024285714285714285 0.032857142857142856
5 0.47214285714285714 0.69 0.018571428571428572 0.04285714285714286
5 0.4521428571428571 0.6921428571428572 0.018571428571428572 0.041428571428571426
5 0.43 0.6921428571428572 0.02 0.03857142857142857
5 0.4092857142857143 0.6921428571428572 0.02142857142857143 0.03857142857142857