16 0.5328703703703703 0.6602722772277227 0.16018518518518518 0.10272277227722772
32 0.5175925925925926 0.4084158415841584 0.6555555555555556 0.754950495049505
32 0.11018518518518519 0.09034653465346534 0.14629629629629629 0.10148514851485149
32 0.8472222222222222 0.06188118811881188 0.2574074074074074 0.10396039603960396
31 0.5939814814814814 0.6714108910891089 0.023148148148148147 0.038366336633663366
23 0.5717592592592593 0.6738861386138614 0.023148148148148147 0.038366336633663366
15 0.5462962962962963 0.6714108910891089 0.018518518518518517 0.038366336633663366
6 0.5226851851851851 0.6726485148514851 0.017592592592592594 0.03589108910891089
6 0.5055555555555555 0.6738861386138614 0.016666666666666666 0.038366336633663366
6 0.487962962962963 0.6751237623762376 0.014814814814814815 0.03589108910891089
6 0.4699074074074074 0.6732673267326733 0.01574074074074074 0.03712871287128713