16 0.45166666666666666 0.48533333333333334 0.16777777777777778 0.06755555555555555
32 0.52 0.45066666666666666 0.68 0.4106666666666667
32 0.08444444444444445 0.3111111111111111 0.10444444444444445 0.07644444444444444
32 0.17 0.30933333333333335 0.06666666666666667 0.08177777777777778
18 0.5144444444444445 0.4928888888888889 0.02 0.029333333333333333
37 0.4872222222222222 0.49333333333333335 0.027777777777777776 0.032
17 0.4661111111111111 0.4968888888888889 0.01888888888888889 0.030222222222222223
5 0.44055555555555553 0.4951111111111111 0.01888888888888889 0.02666666666666667
5 0.4216666666666667 0.496 0.016666666666666666 0.02666666666666667
5 0.40444444444444444 0.4951111111111111 0.02 0.030222222222222223
5 0.38666666666666666 0.49733333333333335 0.015555555555555555 0.029333333333333333