16 0.5027777777777778 0.6746666666666666 0.17888888888888888 0.06755555555555555
32 0.49833333333333335 0.4613333333333333 0.7744444444444445 0.528
32 0.9416666666666667 0.3422222222222222 0.11666666666666667 0.24177777777777779
32 0.08722222222222223 0.39111111111111113 0.17 0.32355555555555554
32 0.12555555555555556 0.2351111111111111 0.2111111111111111 0.09333333333333334
32 0.8488888888888889 0.2822222222222222 0.13777777777777778 0.15022222222222223
32 0.7211111111111111 0.24222222222222223 0.1111111111111111 0.09333333333333334
22 0.5688888888888889 0.684 0.024444444444444446 0.022222222222222223
11 0.5433333333333333 0.6848888888888889 0.022222222222222223 0.027555555555555555
34 0.52 0.6857777777777778 0.017777777777777778 0.022222222222222223
6 0.49166666666666664 0.6844444444444444 0.01888888888888889 0.02666666666666667
6 0.4727777777777778 0.6844444444444444 0.01888888888888889 0.02666666666666667
6 0.4538888888888889 0.6853333333333333 0.01888888888888889 0.02666666666666667
6 0.4338888888888889 0.6844444444444444 0.01888888888888889 0.02666666666666667