16 0.4912037037037037 0.42962962962962964 0.19907407407407407 0.09814814814814815
32 0.5074074074074074 0.46296296296296297 0.9444444444444444 0.8
32 0.06851851851851852 0.2675925925925926 0.09259259259259259 0.2037037037037037
32 0.041666666666666664 0.14814814814814814 0.08333333333333333 0.06296296296296296
32 0.11527777777777778 0.12361111111111112 0.062037037037037036 0.03611111111111111
17 0.5550925925925926 0.4476851851851852 0.021296296296296296 0.04351851851851852
37 0.524074074074074 0.44814814814814813 0.03333333333333333 0.03888888888888889
4 0.4787037037037037 0.4476851851851852 0.020370370370370372 0.03425925925925926
4 0.4564814814814815 0.44814814814814813 0.020370370370370372 0.03148148148148148
4 0.43287037037037035 0.4486111111111111 0.021296296296296296 0.030555555555555555
4 0.4101851851851852 0.44907407407407407 0.016666666666666666 0.02962962962962963