16 0.5192102454642475 0.6016225448334757 0.18676627534685167 0.07600341588385995
32 0.5410885805763074 0.3825789923142613 0.9156883671291356 0.6063193851409052
32 0.07524012806830309 0.33518360375747225 0.15048025613660618 0.21093082835183605
32 0.09765208110992529 0.20281810418445773 0.18676627534685167 0.08454312553373185
32 0.11792956243329776 0.17634500426985483 0.20811099252934898 0.08112724167378309
32 0.163820704375667 0.14816396242527755 0.14834578441835647 0.05038428693424424
32 0.18836712913553896 0.08283518360375747 0.052294557097118465 0.02049530315969257
32 0.288153681963714 0.07429547395388557 0.051227321237993596 0.017079419299743808
32 0.9743863393810032 0.09521776259607173 0.04909284951974386 0.026473099914602904
32 0.927427961579509 0.09009393680614859 0.04055496264674493 0.016225448334756618
32 0.7566702241195304 0.08198121263877028 0.03415154749199573 0.02220324508966695
32 0.41782283884738525 0.07941929974380871 0.07150480256136606 0.018787361229718188
11 0.5779082177161152 0.6110162254483348 0.026680896478121666 0.033304867634500426
31 0.5496264674493063 0.6131511528608027 0.02774813233724653 0.025619128949615714
0 0.47491995731056563 0.6131511528608027 0.012806830309498399 0.034158838599487616