16 0.4898148148148148 0.5 0.17407407407407408 0.10846245530393325
32 0.49166666666666664 0.5190703218116806 0.8351851851851851 0.8164481525625745
32 0.055092592592592596 0.3730631704410012 0.10462962962962963 0.2526817640047676
32 0.9111111111111111 0.37961859356376637 0.044444444444444446 0.13468414779499405
16 0.026851851851851852 0.3766388557806913 0.05 0.04290822407628129
17 0.5587962962962963 0.5184743742550656 0.021296296296296296 0.050059594755661505
13 0.5337962962962963 0.5190703218116806 0.021296296296296296 0.03933253873659118
17 0.5078703703703704 0.5214541120381406 0.023148148148148147 0.04648390941597139
5 0.4689814814814815 0.5166865315852205 0.019444444444444445 0.04886769964243146
5 0.44907407407407407 0.5137067938021455 0.018518518518518517 0.04529201430274136
5 0.42916666666666664 0.5148986889153755 0.021296296296296296 0.04529201430274136