16 0.5891812865497076 0.5402046783625731 0.14912280701754385 0.07456140350877193
32 0.5891812865497076 0.4766081871345029 0.6228070175438597 0.49707602339181284
32 0.9305555555555556 0.36988304093567254 0.1388888888888889 0.2894736842105263
32 0.14692982456140352 0.4283625730994152 0.29385964912280704 0.4298245614035088
32 0.3713450292397661 0.23903508771929824 0.12573099415204678 0.08625730994152046
32 0.23757309941520469 0.24342105263157895 0.1476608187134503 0.0891812865497076
32 0.08991228070175439 0.20833333333333334 0.1388888888888889 0.04239766081871345
32 0.7485380116959064 0.22295321637426901 0.11695906432748537 0.054093567251461985
32 0.6944444444444444 0.20029239766081872 0.06140350877192982 0.06140350877192982
32 0.6461988304093568 0.20833333333333334 0.03216374269005848 0.03070175438596491
32 0.9005847953216374 0.19517543859649122 0.15204678362573099 0.03070175438596491
32 0.5285087719298246 0.19444444444444445 0.03070175438596491 0.023391812865497075
32 0.46710526315789475 0.21198830409356725 0.04824561403508772 0.03508771929824561
32 0.5701754385964912 0.2149122807017544 0.08771929824561403 0.03216374269005848
32 0.8450292397660819 0.27631578947368424 0.13450292397660818 0.0847953216374269
22 0.6483918128654971 0.554093567251462 0.021929824561403508 0.023391812865497075
25 0.6257309941520468 0.5533625730994152 0.023391812865497075 0.024853801169590642
34 0.6016081871345029 0.5533625730994152 0.01608187134502924 0.024853801169590642
2 0.577485380116959 0.5519005847953217 0.017543859649122806 0.03070175438596491
2 0.5614035087719298 0.5511695906432749 0.017543859649122806 0.03216374269005848
2 0.5445906432748538 0.5497076023391813 0.01608187134502924 0.029239766081871343
2 0.5299707602339181 0.5504385964912281 0.01608187134502924 0.03070175438596491