16 0.4666666666666667 0.348 0.08888888888888889 0.043555555555555556
22 0.4988888888888889 0.35688888888888887 0.013333333333333334 0.013333333333333334
11 0.485 0.356 0.012222222222222223 0.016888888888888887
34 0.47444444444444445 0.3537777777777778 0.008888888888888889 0.014222222222222223
6 0.45944444444444443 0.35288888888888886 0.0077777777777777776 0.014222222222222223
6 0.45 0.35288888888888886 0.008888888888888889 0.016
6 0.44166666666666665 0.35244444444444445 0.0077777777777777776 0.015111111111111112
6 0.43166666666666664 0.35155555555555557 0.01 0.015111111111111112
32 0.5583333333333333 0.24355555555555555 0.48777777777777775 0.2826666666666667
32 0.8783333333333333 0.18488888888888888 0.17666666666666667 0.12088888888888889
32 0.18055555555555555 0.2248888888888889 0.28555555555555556 0.1991111111111111
16 0.8461111111111111 0.22755555555555557 0.04111111111111111 0.017777777777777778