16 0.5138888888888888 0.7131603336422614 0.2 0.10843373493975904
32 0.5074074074074074 0.48841519925857274 0.8481481481481481 0.5949953660797034
32 0.07592592592592592 0.3985171455050973 0.15185185185185185 0.4448563484708063
32 0.925 0.39202965708989806 0.15 0.41334569045412417
21 0.5893518518518519 0.732159406858202 0.025 0.033364226135310475
21 0.5601851851851852 0.731696014828545 0.028703703703703703 0.03614457831325301
21 0.5319444444444444 0.7340129749768304 0.026851851851851852 0.03707136237256719
4 0.500462962962963 0.7335495829471733 0.019444444444444445 0.03614457831325301
4 0.4773148148148148 0.7307692307692307 0.019444444444444445 0.03243744207599629
4 0.45601851851851855 0.7312326227988879 0.019444444444444445 0.03151065801668211
4 0.43425925925925923 0.7330861909175163 0.018518518518518517 0.033364226135310475