16 0.5120370370370371 0.6336633663366337 0.13518518518518519 0.09900990099009901
32 0.5032407407407408 0.5396039603960396 0.5768518518518518 0.3935643564356436
32 0.11018518518518519 0.5148514851485149 0.22037037037037038 0.33663366336633666
32 0.9685185185185186 0.5544554455445545 0.06296296296296296 0.3118811881188119
29 0.5638888888888889 0.6485148514851485 0.009259259259259259 0.039603960396039604
17 0.5444444444444444 0.6478960396039604 0.012962962962962963 0.038366336633663366
20 0.5254629629629629 0.6516089108910891 0.017592592592592594 0.028465346534653466
0 0.5023148148148148 0.6472772277227723 0.008333333333333333 0.03712871287128713
0 0.48842592592592593 0.6497524752475248 0.008333333333333333 0.03712871287128713
0 0.47314814814814815 0.6497524752475248 0.011111111111111112 0.03712871287128713
0 0.4583333333333333 0.6478960396039604 0.009259259259259259 0.04084158415841584