16 0.4930555555555556 0.5092821782178217 0.12685185185185185 0.0853960396039604
32 0.4888888888888889 0.3378712871287129 0.5296296296296297 0.45792079207920794
32 0.11342592592592593 0.2698019801980198 0.22685185185185186 0.3589108910891089
32 0.9513888888888888 0.3180693069306931 0.09722222222222222 0.3316831683168317
29 0.5407407407407407 0.5235148514851485 0.007407407407407408 0.03217821782178218
17 0.5226851851851851 0.5241336633663366 0.012037037037037037 0.03094059405940594
20 0.5046296296296297 0.525990099009901 0.014814814814814815 0.024752475247524754
0 0.48564814814814816 0.5253712871287128 0.010185185185185186 0.03341584158415842
0 0.4726851851851852 0.5247524752475248 0.008333333333333333 0.0297029702970297
0 0.45925925925925926 0.525990099009901 0.011111111111111112 0.034653465346534656
0 0.4462962962962963 0.525990099009901 0.009259259259259259 0.034653465346534656