16 0.4578125 0.6169102296450939 0.203125 0.13569937369519833
32 0.45078125 0.4488517745302714 0.7421875 0.5845511482254697
32 0.91328125 0.3455114822546973 0.1734375 0.46555323590814196
32 0.04296875 0.4290187891440501 0.0828125 0.3444676409185804
29 0.534375 0.6377870563674322 0.01875 0.05636743215031315
17 0.50546875 0.6409185803757829 0.0234375 0.05845511482254697
20 0.478125 0.6430062630480167 0.021875 0.04175365344467641
0 0.44765625 0.6409185803757829 0.0140625 0.05845511482254697
0 0.4265625 0.6409185803757829 0.01875 0.05845511482254697
0 0.40625 0.6440501043841336 0.015625 0.05636743215031315
0 0.38203125 0.6409185803757829 0.0171875 0.054279749478079335