16 0.3837962962962963 0.6660470879801735 0.1675925925925926 0.10532837670384139
32 0.8611111111111112 0.3562577447335812 0.2777777777777778 0.6257744733581165
32 0.37546296296296294 0.4114002478314746 0.6824074074074075 0.6195786864931846
32 0.038425925925925926 0.28562577447335813 0.07685185185185185 0.2540272614622057
29 0.449537037037037 0.6784386617100372 0.012037037037037037 0.048327137546468404
17 0.42592592592592593 0.6827757125154895 0.014814814814814815 0.04460966542750929
20 0.40185185185185185 0.6858736059479554 0.020370370370370372 0.03345724907063197
0 0.3731481481481482 0.6827757125154895 0.011111111111111112 0.04708798017348203
0 0.3541666666666667 0.684634448574969 0.010185185185185186 0.04584882280049566
0 0.3365740740740741 0.684634448574969 0.012037037037037037 0.048327137546468404
0 0.31666666666666665 0.6858736059479554 0.011111111111111112 0.048327137546468404