16 0.5011111111111111 0.3342222222222222 0.13111111111111112 0.05511111111111111
32 0.51 0.3688888888888889 0.5711111111111111 0.36444444444444446
32 0.8783333333333333 0.36844444444444446 0.17888888888888888 0.15733333333333333
32 0.7927777777777778 0.31822222222222224 0.06111111111111111 0.04622222222222222
29 0.5483333333333333 0.3426666666666667 0.0077777777777777776 0.022222222222222223
34 0.5311111111111111 0.3426666666666667 0.013333333333333334 0.016888888888888887
17 0.5122222222222222 0.344 0.017777777777777778 0.021333333333333333
5 0.4938888888888889 0.3417777777777778 0.014444444444444444 0.020444444444444446
5 0.4772222222222222 0.3413333333333333 0.012222222222222223 0.021333333333333333
5 0.4638888888888889 0.3417777777777778 0.014444444444444444 0.020444444444444446
5 0.45 0.3417777777777778 0.013333333333333334 0.022222222222222223