16 0.535 0.47333333333333333 0.1388888888888889 0.057777777777777775
32 0.5122222222222222 0.4266666666666667 0.5733333333333334 0.24
32 0.22666666666666666 0.37466666666666665 0.09777777777777778 0.06311111111111112
32 0.8194444444444444 0.43022222222222223 0.06333333333333334 0.13155555555555556
32 0.7644444444444445 0.36088888888888887 0.12222222222222222 0.07822222222222222
34 0.5855555555555556 0.4826666666666667 0.013333333333333334 0.016
34 0.5677777777777778 0.4822222222222222 0.013333333333333334 0.015111111111111112
34 0.5477777777777778 0.48355555555555557 0.015555555555555555 0.016
2 0.5177777777777778 0.4831111111111111 0.013333333333333334 0.024
2 0.5027777777777778 0.4817777777777778 0.012222222222222223 0.021333333333333333
2 0.4872222222222222 0.4817777777777778 0.012222222222222223 0.021333333333333333