16 0.5949074074074074 0.5214752567693745 0.10462962962962963 0.058823529411764705
32 0.4361111111111111 0.46872082166199813 0.6796296296296296 0.4481792717086835
32 0.021296296296296296 0.3099906629318394 0.04259259259259259 0.1792717086834734
32 0.14722222222222223 0.2754435107376284 0.1 0.10084033613445378
32 0.0787037037037037 0.25443510737628383 0.06666666666666667 0.07563025210084033
32 0.861574074074074 0.36321195144724555 0.1361111111111111 0.09523809523809523
32 0.8606481481481482 0.47759103641456585 0.27870370370370373 0.2773109243697479
18 0.6361111111111111 0.5317460317460317 0.012962962962962963 0.02334267040149393
37 0.6226851851851852 0.5326797385620915 0.01574074074074074 0.025210084033613446
20 0.6074074074074074 0.5322128851540616 0.012962962962962963 0.018674136321195144
0 0.5898148148148148 0.5317460317460317 0.007407407407407408 0.02707749766573296
0 0.5787037037037037 0.5303454715219421 0.007407407407407408 0.02427637721755369
0 0.5662037037037037 0.530812324929972 0.010185185185185186 0.025210084033613446
0 0.5541666666666667 0.5317460317460317 0.008333333333333333 0.025210084033613446