16 0.4560702875399361 0.7004264392324094 0.17092651757188498 0.11300639658848614
32 0.5015974440894568 0.4211087420042644 0.7188498402555911 0.8422174840085288
32 0.13338658146964857 0.279317697228145 0.26677316293929715 0.4520255863539446
32 0.9432907348242812 0.34968017057569295 0.1134185303514377 0.42217484008528783
32 0.9345047923322684 0.05543710021321962 0.12779552715654952 0.11087420042643924
32 0.2340255591054313 0.04051172707889126 0.15495207667731628 0.06823027718550106
32 0.3170926517571885 0.04051172707889126 0.05591054313099041 0.06823027718550106
31 0.5215654952076677 0.7260127931769723 0.020766773162939296 0.031982942430703626
18 0.49440894568690097 0.7217484008528785 0.027156549520766772 0.03624733475479744
29 0.4712460063897764 0.7185501066098081 0.01597444089456869 0.042643923240938165
0 0.4329073482428115 0.7164179104477612 0.01597444089456869 0.042643923240938165
0 0.41373801916932906 0.7164179104477612 0.01597444089456869 0.042643923240938165
0 0.39696485623003197 0.7153518123667377 0.01757188498402556 0.04477611940298507