16 0.18425925925925926 0.7909090909090909 0.09074074074074075 0.08760330578512397
16 0.7953703703703704 0.7636363636363637 0.09444444444444444 0.08925619834710743
32 0.7782407407407408 0.5677685950413223 0.4101851851851852 0.5801652892561984
32 0.2351851851851852 0.5685950413223141 0.44074074074074077 0.5454545454545454
32 0.987037037037037 0.4991735537190083 0.025925925925925925 0.19834710743801653
18 0.8314814814814815 0.7735537190082644 0.011111111111111112 0.02975206611570248
37 0.8162037037037037 0.7760330578512397 0.012037037037037037 0.03471074380165289
29 0.8046296296296296 0.7760330578512397 0.005555555555555556 0.03140495867768595
0 0.7833333333333333 0.775206611570248 0.005555555555555556 0.03305785123966942
0 0.7726851851851851 0.7760330578512397 0.004629629629629629 0.03471074380165289
0 0.7625 0.775206611570248 0.006481481481481481 0.03305785123966942
18 0.2162037037037037 0.8 0.012037037037037037 0.02975206611570248
37 0.20277777777777778 0.8024793388429752 0.012962962962962963 0.03140495867768595
29 0.19166666666666668 0.8 0.007407407407407408 0.03305785123966942
5 0.17731481481481481 0.8024793388429752 0.008333333333333333 0.03471074380165289
5 0.1685185185185185 0.8024793388429752 0.009259259259259259 0.03471074380165289
5 0.1587962962962963 0.8033057851239669 0.008333333333333333 0.03305785123966942
5 0.14953703703703702 0.8016528925619835 0.010185185185185186 0.03305785123966942