16 0.46311970979443773 0.6305925030229746 0.18863361547763 0.09794437726723096
22 0.5374848851269649 0.6451027811366384 0.030229746070133012 0.032648125755743655
20 0.5102781136638452 0.6463119709794438 0.02176541717049577 0.030229746070133012
22 0.48125755743651755 0.6451027811366384 0.02902055622732769 0.03506650544135429
0 0.4498186215235792 0.6438935912938332 0.02176541717049577 0.044740024183796856
0 0.4286577992744861 0.6414752116082225 0.020556227327690448 0.044740024183796856
0 0.4062877871825877 0.6432889963724304 0.016928657799274487 0.04353083434099154
0 0.38331318016928656 0.6444981862152358 0.014510278113663845 0.041112454655380895
32 0.5139056831922612 0.4365175332527207 0.9238210399032648 0.6360338573155986
32 0.34522370012091896 0.12454655380894801 0.13180169286577992 0.08222490931076179
32 0.9117291414752116 0.1033857315598549 0.10157194679564692 0.11003627569528417