16 0.5901234567901235 0.5481481481481482 0.15308641975308643 0.08641975308641975
32 0.48641975308641977 0.4561728395061728 0.837037037037037 0.6481481481481481
32 0.921604938271605 0.41790123456790124 0.15679012345679014 0.2802469135802469
32 0.043209876543209874 0.3135802469135803 0.08641975308641975 0.2617283950617284
16 0.9790123456790123 0.4580246913580247 0.04197530864197531 0.056790123456790124
20 0.6469135802469136 0.5654320987654321 0.01728395061728395 0.027160493827160494
11 0.6253086419753087 0.5623456790123457 0.020987654320987655 0.03333333333333333
31 0.6037037037037037 0.5648148148148148 0.019753086419753086 0.025925925925925925
6 0.582716049382716 0.5580246913580247 0.014814814814814815 0.02962962962962963
6 0.5660493827160494 0.5592592592592592 0.016049382716049384 0.03209876543209877
6 0.5481481481481482 0.5567901234567901 0.014814814814814815 0.02962962962962963
6 0.5320987654320988 0.5561728395061728 0.014814814814814815 0.025925925925925925