16 0.5523148148148148 0.6953703703703704 0.14907407407407408 0.07222222222222222
32 0.48148148148148145 0.4648148148148148 0.6444444444444445 0.6
32 0.275 0.1388888888888889 0.3425925925925926 0.12962962962962962
32 0.8638888888888889 0.33796296296296297 0.2722222222222222 0.3351851851851852
32 0.04351851851851852 0.30277777777777776 0.08703703703703704 0.2833333333333333
32 0.04537037037037037 0.10648148148148148 0.09074074074074075 0.1574074074074074
32 0.9333333333333333 0.14166666666666666 0.12407407407407407 0.07407407407407407
23 0.5916666666666667 0.6990740740740741 0.020370370370370372 0.022222222222222223
34 0.5722222222222222 0.7027777777777777 0.014814814814814815 0.018518518518518517
4 0.5393518518518519 0.7050925925925926 0.012037037037037037 0.021296296296296296
4 0.5069444444444444 0.7078703703703704 0.01574074074074074 0.019444444444444445
4 0.5236111111111111 0.7069444444444445 0.013888888888888888 0.019444444444444445
4 0.49166666666666664 0.7092592592592593 0.014814814814814815 0.018518518518518517