16 0.5413223140495868 0.6317530319735392 0.30578512396694213 0.13009922822491732
32 0.5 0.39305402425578834 1 0.7861080485115767
32 0.8712121212121212 0.05898566703417861 0.22727272727272727 0.11797133406835722
32 0.9669421487603306 0.14057331863285558 0.06611570247933884 0.08269018743109151
16 0.9345730027548209 0.09316427783902977 0.045454545454545456 0.016538037486218304
13 0.6342975206611571 0.6460859977949284 0.0371900826446281 0.03307607497243661
11 0.5888429752066116 0.6477398015435502 0.03994490358126722 0.04299889746416759
4 0.5234159779614325 0.6538037486218302 0.027548209366391185 0.03528114663726571
4 0.4896694214876033 0.6582138919514884 0.03168044077134986 0.03528114663726571
4 0.4573002754820937 0.6587651598676957 0.030303030303030304 0.03858875413450937
4 0.4228650137741047 0.6620727673649394 0.030303030303030304 0.03638368246968027