16 0.4185185185185185 0.6577777777777778 0.17407407407407408 0.07703703703703704
32 0.4111111111111111 0.5355555555555556 0.7 0.4162962962962963
32 0.06574074074074074 0.457037037037037 0.13148148148148148 0.22074074074074074
32 0.7592592592592593 0.39037037037037037 0.14814814814814814 0.06962962962962962
16 0.7898148148148149 0.3888888888888889 0.024074074074074074 0.01037037037037037
12 0.47314814814814815 0.6659259259259259 0.024074074074074074 0.028148148148148148
29 0.44814814814814813 0.6696296296296296 0.018518518518518517 0.02962962962962963
5 0.4083333333333333 0.6696296296296296 0.020370370370370372 0.02666666666666667
5 0.3888888888888889 0.6711111111111111 0.018518518518518517 0.02666666666666667
5 0.37037037037037035 0.6703703703703704 0.018518518518518517 0.025185185185185185
5 0.3490740740740741 0.6733333333333333 0.020370370370370372 0.028148148148148148