16 0.4162037037037037 0.6669449081803005 0.15833333333333333 0.08013355592654424
32 0.4546296296296296 0.5959933222036727 0.6814814814814815 0.4090150250417362
32 0.1259259259259259 0.4691151919866444 0.24259259259259258 0.15859766277128548
32 0.9157407407407407 0.5104340567612687 0.1685185185185185 0.24624373956594323
32 0.7592592592592593 0.44240400667779634 0.21481481481481482 0.11018363939899833
32 0.2625 0.4265442404006678 0.13055555555555556 0.05008347245409015
37 0.46296296296296297 0.6798831385642737 0.022222222222222223 0.02921535893155259
24 0.44027777777777777 0.679465776293823 0.021296296296296296 0.025041736227045076
0 0.4041666666666667 0.6773789649415692 0.012037037037037037 0.034223706176961605
0 0.38796296296296295 0.6748747913188647 0.012962962962962963 0.030884808013355594
0 0.3731481481481482 0.676126878130217 0.009259259259259259 0.03171953255425709
0 0.3560185185185185 0.6748747913188647 0.008333333333333333 0.02921535893155259