16 0.48083333333333333 0.4033333333333333 0.165 0.06
32 0.4791666666666667 0.44733333333333336 0.8016666666666666 0.5373333333333333
32 0.9591666666666666 0.36 0.08166666666666667 0.048
32 0.0175 0.36 0.035 0.10933333333333334
32 0.04083333333333333 0.328 0.041666666666666664 0.04533333333333334
37 0.545 0.408 0.023333333333333334 0.029333333333333333
34 0.5233333333333333 0.4126666666666667 0.02 0.02
11 0.4975 0.41 0.021666666666666667 0.025333333333333333
0 0.46 0.4086666666666667 0.013333333333333334 0.025333333333333333
0 0.44416666666666665 0.4106666666666667 0.015 0.029333333333333333
0 0.42583333333333334 0.41133333333333333 0.015 0.028