16 0.4875 0.5630208333333333 0.2 0.09895833333333333
32 0.4552083333333333 0.48125 0.85625 0.6875
32 0.8171875 0.2786458333333333 0.14479166666666668 0.18229166666666666
32 0.9020833333333333 0.271875 0.058333333333333334 0.09375
32 0.95625 0.23958333333333334 0.0875 0.06458333333333334
16 0.8229166666666666 0.31666666666666665 0.03125 0.025
16 0.9755208333333333 0.24479166666666666 0.011458333333333333 0.010416666666666666
16 0.8973958333333333 0.30104166666666665 0.015625 0.0125
13 0.5651041666666666 0.5833333333333334 0.030208333333333334 0.03333333333333333
29 0.5359375 0.5802083333333333 0.0125 0.04583333333333333
17 0.5072916666666667 0.58125 0.01875 0.041666666666666664
3 0.475 0.5802083333333333 0.022916666666666665 0.04375
3 0.453125 0.5786458333333333 0.020833333333333332 0.04479166666666667
3 0.43125 0.5802083333333333 0.020833333333333332 0.04375
3 0.409375 0.5791666666666667 0.022916666666666665 0.04375