16 0.5619546247818499 0.5732984293193717 0.17801047120418848 0.09598603839441536
32 0.5523560209424084 0.5567190226876091 0.8150087260034904 0.6387434554973822
32 0.09947643979057591 0.3324607329842932 0.12914485165794065 0.11343804537521815
32 0.18848167539267016 0.33856893542757416 0.034904013961605584 0.055846422338568937
32 0.21378708551483422 0.3298429319371728 0.02617801047120419 0.04537521815008726
32 0.9668411867364747 0.3568935427574171 0.06631762652705062 0.04363001745200698
32 0.8760907504363001 0.34293193717277487 0.04886561954624782 0.029668411867364748
32 0.8961605584642234 0.34642233856893545 0.029668411867364748 0.029668411867364748
32 0.9319371727748691 0.3507853403141361 0.02443280977312391 0.02443280977312391
11 0.6204188481675392 0.5907504363001745 0.02268760907504363 0.04013961605584642
11 0.5924956369982548 0.5881326352530541 0.02617801047120419 0.041884816753926704
1 0.5218150087260035 0.5863874345549738 0.020942408376963352 0.04537521815008726