16 0.44814814814814813 0.6125 0.16666666666666666 0.08055555555555556
32 0.49444444444444446 0.4027777777777778 0.774074074074074 0.6314814814814815
32 0.13842592592592592 0.11481481481481481 0.275 0.22962962962962963
32 0.8087962962962963 0.07083333333333333 0.1675925925925926 0.14166666666666666
32 0.625462962962963 0.062037037037037036 0.15833333333333333 0.07037037037037037
32 0.9532407407407407 0.0712962962962963 0.075 0.03148148148148148
32 0.9148148148148149 0.06435185185185185 0.037037037037037035 0.026851851851851852
32 0.9805555555555555 0.08425925925925926 0.03888888888888889 0.018518518518518517
32 0.9833333333333333 0.09768518518518518 0.03333333333333333 0.032407407407407406
17 0.5115740740740741 0.6282407407407408 0.021296296296296296 0.032407407407407406
17 0.48935185185185187 0.6287037037037037 0.017592592592592594 0.03148148148148148
17 0.4638888888888889 0.6273148148148148 0.016666666666666666 0.030555555555555555
4 0.42824074074074076 0.6273148148148148 0.017592592592592594 0.026851851851851852
4 0.40925925925925927 0.6263888888888889 0.016666666666666666 0.026851851851851852
4 0.3907407407407407 0.6259259259259259 0.014814814814814815 0.025925925925925925