16 0.7680555555555556 0.5994791666666667 0.16666666666666666 0.07604166666666666
32 0.6055555555555555 0.5552083333333333 0.7888888888888889 0.48541666666666666
32 0.13541666666666666 0.30520833333333336 0.12361111111111112 0.075
32 0.26805555555555555 0.32395833333333335 0.1 0.0875
32 0.058333333333333334 0.27447916666666666 0.044444444444444446 0.034375
0 0.7020833333333333 0.6125 0.018055555555555554 0.03125
1 0.7236111111111111 0.6104166666666667 0.019444444444444445 0.029166666666666667
4 0.7423611111111111 0.6104166666666667 0.015277777777777777 0.022916666666666665
1 0.7631944444444444 0.6088541666666667 0.020833333333333332 0.03229166666666667
29 0.7888888888888889 0.60625 0.013888888888888888 0.03125
22 0.8104166666666667 0.6067708333333334 0.02638888888888889 0.021875
19 0.8333333333333334 0.6041666666666666 0.016666666666666666 0.03125