16 0.50625 0.9010416666666666 0.2569444444444444 0.07916666666666666
32 0.5069444444444444 0.5979166666666667 0.9694444444444444 0.7375
32 0.9375 0.2171875 0.125 0.08020833333333334
32 0.7694444444444445 0.20677083333333332 0.07222222222222222 0.04479166666666667
32 0.675 0.20364583333333333 0.03611111111111111 0.021875
19 0.6076388888888888 0.9088541666666666 0.03194444444444444 0.030208333333333334
22 0.5701388888888889 0.9114583333333334 0.04027777777777778 0.027083333333333334
29 0.5354166666666667 0.9104166666666667 0.015277777777777777 0.03125
1 0.49027777777777776 0.9109375 0.022222222222222223 0.030208333333333334
4 0.4618055555555556 0.9119791666666667 0.02361111111111111 0.021875
1 0.4340277777777778 0.9114583333333334 0.02361111111111111 0.029166666666666667
0 0.40555555555555556 0.9119791666666667 0.016666666666666666 0.028125