16 0.5534722222222223 0.5848958333333333 0.1763888888888889 0.06770833333333333
32 0.5472222222222223 0.41770833333333335 0.7111111111111111 0.45208333333333334
32 0.23055555555555557 0.21770833333333334 0.10833333333333334 0.05
32 0.28958333333333336 0.2078125 0.043055555555555555 0.03854166666666667
16 0.2152777777777778 0.234375 0.016666666666666666 0.00625
18 0.6076388888888888 0.5927083333333333 0.02361111111111111 0.022916666666666665
19 0.5826388888888889 0.5921875 0.02638888888888889 0.028125
6 0.5409722222222222 0.5942708333333333 0.020833333333333332 0.026041666666666668
3 0.5215277777777778 0.5947916666666667 0.018055555555555554 0.027083333333333334
1 0.5034722222222222 0.5958333333333333 0.020833333333333332 0.027083333333333334
0 0.4840277777777778 0.5958333333333333 0.015277777777777777 0.027083333333333334