16 0.5229166666666667 0.5098958333333333 0.2152777777777778 0.078125
32 0.5041666666666667 0.41041666666666665 0.8416666666666667 0.5333333333333333
32 0.12708333333333333 0.12239583333333333 0.2513888888888889 0.13645833333333332
32 0.5916666666666667 0.09114583333333333 0.08333333333333333 0.034375
32 0.6756944444444445 0.13645833333333332 0.16527777777777777 0.05625
34 0.5875 0.521875 0.025 0.027083333333333334
29 0.5597222222222222 0.521875 0.016666666666666666 0.03333333333333333
6 0.5083333333333333 0.5203125 0.022222222222222223 0.03229166666666667
1 0.4826388888888889 0.521875 0.02361111111111111 0.03333333333333333
8 0.46111111111111114 0.5213541666666667 0.022222222222222223 0.03229166666666667
8 0.4354166666666667 0.5229166666666667 0.018055555555555554 0.03125