16 0.5041753653444676 0.57734375 0.22755741127348644 0.0828125
32 0.5083507306889353 0.48984375 0.8789144050104384 0.5140625
32 0.9331941544885177 0.36796875 0.1336116910229645 0.2390625
32 0.081419624217119 0.2453125 0.15031315240083507 0.071875
32 0.2150313152400835 0.23203125 0.0709812108559499 0.0703125
32 0.848643006263048 0.25078125 0.1524008350730689 0.0515625
32 0.9498956158663883 0.24296875 0.08350730688935282 0.0390625
12 0.592901878914405 0.5890625 0.033402922755741124 0.0375
24 0.5594989561586639 0.5890625 0.029227557411273485 0.03125
34 0.5250521920668059 0.59140625 0.031315240083507306 0.0265625
3 0.48747390396659707 0.58984375 0.022964509394572025 0.0390625
8 0.46555323590814196 0.590625 0.025052192066805846 0.034375
6 0.4363256784968685 0.5890625 0.025052192066805846 0.0375
2 0.4144050104384134 0.590625 0.027139874739039668 0.034375
16 0.05219206680584551 0.26640625 0.025052192066805846 0.0109375
16 0.21294363256784968 0.24375 0.020876826722338204 0.00625
16 0.907098121085595 0.2671875 0.014613778705636743 0.009375