16 0.47421875 0.547979797979798 0.2546875 0.051226551226551224
32 0.4984375 0.43217893217893216 0.965625 0.4134199134199134
32 0.0578125 0.2647907647907648 0.115625 0.0836940836940837
32 0.1609375 0.2305194805194805 0.128125 0.06854256854256854
12 0.57265625 0.5537518037518038 0.0359375 0.01948051948051948
17 0.5328125 0.556998556998557 0.03125 0.020202020202020204
34 0.4953125 0.5559163059163059 0.028125 0.018037518037518036
2 0.4546875 0.5544733044733045 0.025 0.020923520923520924
9 0.428125 0.5548340548340548 0.025 0.020202020202020204
4 0.40078125 0.5551948051948052 0.0265625 0.015151515151515152
6 0.37109375 0.5548340548340548 0.0265625 0.023088023088023088