16 0.46319444444444446 0.6114583333333333 0.19027777777777777 0.075
32 0.45 0.5604166666666667 0.7777777777777778 0.48333333333333334
32 0.9472222222222222 0.48385416666666664 0.10555555555555556 0.165625
32 0.02638888888888889 0.4359375 0.05277777777777778 0.10520833333333333
31 0.5361111111111111 0.6229166666666667 0.027777777777777776 0.020833333333333332
23 0.5097222222222222 0.6197916666666666 0.022222222222222223 0.025
21 0.48194444444444445 0.6223958333333334 0.027777777777777776 0.021875
4 0.4513888888888889 0.6229166666666667 0.022222222222222223 0.025
9 0.43125 0.6229166666666667 0.018055555555555554 0.027083333333333334
3 0.4083333333333333 0.625 0.019444444444444445 0.029166666666666667
0 0.3888888888888889 0.6239583333333333 0.013888888888888888 0.03125