16 0.5234375 0.633056640625 0.1796875 0.06396484375
32 0.5113932291666666 0.46728515625 0.740234375 0.458984375
32 0.21614583333333334 0.264892578125 0.036458333333333336 0.02392578125
32 0.2942708333333333 0.257568359375 0.03125 0.02685546875
12 0.5921223958333334 0.6416015625 0.026692708333333332 0.0234375
37 0.5660807291666666 0.64453125 0.022786458333333332 0.025390625
22 0.5400390625 0.643798828125 0.026692708333333332 0.02099609375
1 0.5100911458333334 0.640625 0.018880208333333332 0.02734375
0 0.4899088541666667 0.6416015625 0.009765625 0.0263671875
5 0.4723307291666667 0.641845703125 0.018880208333333332 0.02587890625
3 0.4527994791666667 0.642822265625 0.017578125 0.02685546875