16 0.41357421875 0.5690104166666666 0.1240234375 0.07552083333333333
32 0.4228515625 0.5774739583333334 0.5703125 0.5299479166666666
32 0.9462890625 0.4361979166666667 0.107421875 0.28125
32 0.90576171875 0.3606770833333333 0.0517578125 0.109375
32 0.5634765625 0.3079427083333333 0.12109375 0.08203125
32 0.74365234375 0.3430989583333333 0.0537109375 0.048177083333333336
32 0.65869140625 0.3352864583333333 0.0439453125 0.05859375
32 0.69091796875 0.33984375 0.0322265625 0.0546875
32 0.7705078125 0.3294270833333333 0.03125 0.041666666666666664
32 0.64208984375 0.2805989583333333 0.0224609375 0.040364583333333336
32 0.86328125 0.3274739583333333 0.021484375 0.029947916666666668
16 0.74462890625 0.3411458333333333 0.0166015625 0.010416666666666666
16 0.767578125 0.3352864583333333 0.009765625 0.00390625
16 0.68798828125 0.3424479166666667 0.0087890625 0.005208333333333333
29 0.4609375 0.578125 0.0078125 0.03125
22 0.4423828125 0.5794270833333334 0.017578125 0.026041666666666668
24 0.4248046875 0.5787760416666666 0.015625 0.02734375
4 0.40673828125 0.5787760416666666 0.0146484375 0.02734375
4 0.39306640625 0.5813802083333334 0.0107421875 0.022135416666666668
4 0.3798828125 0.580078125 0.01171875 0.024739583333333332
4 0.3662109375 0.5807291666666666 0.013671875 0.026041666666666668