16 0.5297914597815293 0.628476821192053 0.05660377358490566 0.04105960264900662
16 0.8992055610724925 0.6357615894039735 0.05461767626613704 0.03708609271523179
16 0.12859980139026814 0.6152317880794702 0.06256206554121152 0.04105960264900662
32 0.8212512413108243 0.5417218543046357 0.3435948361469712 0.25695364238410595
32 0.5183714001986097 0.5443708609271524 0.25819265143992054 0.26225165562913905
32 0.17676266137040714 0.5145695364238411 0.3356504468718967 0.27947019867549666
18 0.9190665342601787 0.6417218543046358 0.006951340615690168 0.01456953642384106
37 0.9111221449851042 0.6423841059602649 0.006951340615690168 0.015894039735099338
17 0.9046673286991063 0.6437086092715232 0.005958291956305859 0.015894039735099338
4 0.8962264150943396 0.6423841059602649 0.004965243296921549 0.013245033112582781
4 0.8902681231380337 0.6423841059602649 0.004965243296921549 0.013245033112582781
4 0.8848063555114201 0.6423841059602649 0.005958291956305859 0.013245033112582781
4 0.8778550148957299 0.6423841059602649 0.005958291956305859 0.013245033112582781
25 0.551142005958292 0.6344370860927152 0.007944389275074478 0.015894039735099338
25 0.5431976166832175 0.6344370860927152 0.007944389275074478 0.013245033112582781
25 0.535253227408143 0.6357615894039735 0.007944389275074478 0.015894039735099338
1 0.525819265143992 0.6344370860927152 0.006951340615690168 0.015894039735099338
1 0.5208540218470705 0.6350993377483444 0.006951340615690168 0.01456953642384106
1 0.5134061569016882 0.6364238410596027 0.005958291956305859 0.017218543046357615
1 0.5079443892750745 0.6364238410596027 0.006951340615690168 0.017218543046357615
37 0.14746772591857002 0.6211920529801325 0.00893743793445879 0.015894039735099338
18 0.1385302879841112 0.6211920529801325 0.00893743793445879 0.015894039735099338
0 0.11469712015888779 0.6225165562913907 0.006951340615690168 0.018543046357615896