16 0.538425925925926 0.5662037037037037 0.12314814814814815 0.06388888888888888
32 0.5185185185185185 0.6222222222222222 0.5703703703703704 0.4888888888888889
32 0.8935185185185185 0.6064814814814815 0.21296296296296297 0.29074074074074074
32 0.029166666666666667 0.5694444444444444 0.05648148148148148 0.1537037037037037
32 0.07592592592592592 0.5370370370370371 0.07037037037037037 0.09259259259259259
32 0.12962962962962962 0.5277777777777778 0.06851851851851852 0.07407407407407407
32 0.17546296296296296 0.5236111111111111 0.04351851851851852 0.062037037037037036
17 0.5861111111111111 0.575 0.012962962962962963 0.025925925925925925
12 0.5689814814814815 0.5726851851851852 0.017592592592592594 0.021296296296296296
13 0.5513888888888889 0.5763888888888888 0.01574074074074074 0.019444444444444445
0 0.5305555555555556 0.5763888888888888 0.011111111111111112 0.026851851851851852
0 0.5166666666666667 0.5763888888888888 0.009259259259259259 0.026851851851851852
0 0.5041666666666667 0.5773148148148148 0.010185185185185186 0.026851851851851852
0 0.49074074074074076 0.5768518518518518 0.011111111111111112 0.027777777777777776