16 0.4971395881006865 0.5703661327231121 0.08810068649885583 0.04691075514874142
32 0.8975972540045767 0.4679633867276888 0.2048054919908467 0.14187643020594964
32 0.19908466819221968 0.40446224256292906 0.11212814645308924 0.08352402745995423
32 0.48226544622425627 0.4937070938215103 0.4061784897025172 0.2780320366132723
32 0.6504576659038902 0.39359267734553777 0.09038901601830664 0.12128146453089245
32 0.03032036613272311 0.39073226544622425 0.05835240274599542 0.05835240274599542
32 0.09382151029748284 0.3901601830663616 0.057208237986270026 0.04576659038901602
32 0.2854691075514874 0.3878718535469107 0.06292906178489703 0.05491990846681922
32 0.13043478260869565 0.39187643020594964 0.02288329519450801 0.03775743707093822
16 0.1945080091533181 0.4010297482837529 0.02288329519450801 0.012585812356979404
16 0.09267734553775744 0.3890160183066362 0.016018306636155607 0.009153318077803204
16 0.011441647597254004 0.40045766590389015 0.016018306636155607 0.009153318077803204
16 0.9273455377574371 0.4610983981693364 0.03546910755148741 0.020594965675057208
17 0.5291762013729977 0.5778032036613272 0.010297482837528604 0.018306636155606407
13 0.5165903890160183 0.5778032036613272 0.012585812356979404 0.013729977116704805
17 0.5040045766590389 0.5766590389016019 0.008009153318077803 0.018306636155606407
2 0.4891304347826087 0.5760869565217391 0.008009153318077803 0.017162471395881007
2 0.4805491990846682 0.5760869565217391 0.009153318077803204 0.019450800915331808
2 0.4702517162471396 0.5749427917620137 0.009153318077803204 0.019450800915331808
1 0.46167048054919907 0.5755148741418764 0.010297482837528604 0.018306636155606407