16 0.32375 0.5739856801909308 0.1 0.09307875894988067
16 0.856875 0.4331742243436754 0.05875 0.07398568019093078
32 0.73375 0.47255369928400953 0.46 0.5441527446300716
32 0.298125 0.5763723150357996 0.42375 0.5608591885441527
20 0.360625 0.5835322195704057 0.01375 0.03579952267303103
11 0.3475 0.581145584725537 0.015 0.045346062052505964
34 0.335 0.5871121718377088 0.01 0.03341288782816229
6 0.318125 0.5835322195704057 0.01125 0.03579952267303103
6 0.306875 0.581145584725537 0.00875 0.03579952267303103
6 0.29625 0.5859188544152745 0.0125 0.045346062052505964
6 0.285625 0.5859188544152745 0.01125 0.045346062052505964
12 0.87625 0.4451073985680191 0.01 0.026252983293556086
17 0.8675 0.44630071599045346 0.0075 0.028639618138424822
6 0.854375 0.4439140811455847 0.00625 0.028639618138424822
6 0.846875 0.4439140811455847 0.00625 0.028639618138424822
6 0.84125 0.4451073985680191 0.0075 0.031026252983293555
6 0.835 0.44630071599045346 0.0075 0.028639618138424822