16 0.21428571428571427 0.5462962962962963 0.082010582010582 0.042328042328042326
16 0.7718253968253969 0.4966931216931217 0.08068783068783068 0.04365079365079365
32 0.7387566137566137 0.4437830687830688 0.42724867724867727 0.33201058201058203
32 0.23148148148148148 0.455026455026455 0.4021164021164021 0.30952380952380953
37 0.2447089947089947 0.5529100529100529 0.010582010582010581 0.015873015873015872
31 0.23346560846560846 0.5542328042328042 0.011904761904761904 0.013227513227513227
15 0.2208994708994709 0.5515873015873016 0.010582010582010581 0.015873015873015872
4 0.20767195767195767 0.5542328042328042 0.007936507936507936 0.013227513227513227
4 0.2003968253968254 0.5535714285714286 0.006613756613756613 0.011904761904761904
4 0.19113756613756613 0.5522486772486772 0.009259259259259259 0.011904761904761904
4 0.18253968253968253 0.5522486772486772 0.007936507936507936 0.01455026455026455
37 0.7962962962962963 0.5046296296296297 0.010582010582010581 0.017195767195767195
24 0.7837301587301587 0.503968253968254 0.011904761904761904 0.013227513227513227
0 0.753968253968254 0.5033068783068783 0.007936507936507936 0.017195767195767195