16 0.4412037037037037 0.5712962962962963 0.16018518518518518 0.07962962962962963
32 0.4638888888888889 0.5518518518518518 0.7277777777777777 0.562962962962963
32 0.937037037037037 0.5518518518518518 0.1259259259259259 0.3037037037037037
32 0.8208333333333333 0.5194444444444445 0.12685185185185185 0.2
32 0.060648148148148145 0.49166666666666664 0.062037037037037036 0.06296296296296296
32 0.08287037037037037 0.5138888888888888 0.05092592592592592 0.037037037037037035
16 0.07592592592592592 0.5287037037037037 0.011111111111111112 0.005555555555555556
16 0.049074074074074076 0.5203703703703704 0.011111111111111112 0.003703703703703704
16 0.8347222222222223 0.5666666666666667 0.05092592592592592 0.024074074074074074
11 0.5023148148148148 0.5861111111111111 0.023148148148148147 0.03333333333333333
23 0.48055555555555557 0.5842592592592593 0.022222222222222223 0.02962962962962963
29 0.45694444444444443 0.5833333333333334 0.010185185185185186 0.03333333333333333
5 0.43148148148148147 0.5833333333333334 0.016666666666666666 0.03518518518518519
5 0.4134259259259259 0.5847222222222223 0.013888888888888888 0.03425925925925926
5 0.39537037037037037 0.5837962962962963 0.016666666666666666 0.03425925925925926
5 0.3763888888888889 0.5842592592592593 0.01574074074074074 0.03518518518518519