16 0.49537037037037035 0.6129629629629629 0.22592592592592592 0.09259259259259259
32 0.4935185185185185 0.5166666666666667 0.9351851851851852 0.5592592592592592
12 0.5814814814814815 0.6211111111111111 0.03148148148148148 0.03185185185185185
20 0.549074074074074 0.6288888888888889 0.024074074074074074 0.03111111111111111
37 0.5166666666666667 0.6255555555555555 0.03333333333333333 0.040740740740740744
32 0.9532407407407407 0.412962962962963 0.09351851851851851 0.13703703703703704
32 0.09305555555555556 0.3674074074074074 0.10648148148148148 0.03111111111111111
32 0.03657407407407407 0.3648148148148148 0.03981481481481482 0.03185185185185185
4 0.46620370370370373 0.6270370370370371 0.021296296296296296 0.03037037037037037
4 0.44166666666666665 0.6274074074074074 0.022222222222222223 0.03111111111111111
4 0.4166666666666667 0.6277777777777778 0.022222222222222223 0.03481481481481481