16 0.49583333333333335 0.8344519015659956 0.1935185185185185 0.08053691275167785
32 0.5060185185185185 0.6547352721849367 0.9009259259259259 0.5861297539149888
32 0.8828703703703704 0.4217002237136465 0.16018518518518518 0.11260253542132737
32 0.05 0.46234153616703955 0.0962962962962963 0.2759134973900075
16 0.8824074074074074 0.4511558538404176 0.037037037037037035 0.014914243102162566
32 0.9638888888888889 0.38404175988068606 0.053703703703703705 0.040268456375838924
32 0.7824074074074074 0.39112602535421326 0.037037037037037035 0.041014168530947054
11 0.5671296296296297 0.8475018642803878 0.026851851851851852 0.03206562266964952
20 0.5412037037037037 0.84862043251305 0.025 0.026845637583892617
31 0.512962962962963 0.8501118568232662 0.027777777777777776 0.02535421327367636
0 0.45 0.8482475764354959 0.020370370370370372 0.03355704697986577