16 0.387037037037037 0.5092592592592593 0.14629629629629629 0.07222222222222222
32 0.3888888888888889 0.4986111111111111 0.7351851851851852 0.7564814814814815
32 0.9194444444444444 0.4152777777777778 0.16111111111111112 0.39166666666666666
32 0.774074074074074 0.48194444444444445 0.07592592592592592 0.09166666666666666
16 0.7606481481481482 0.47685185185185186 0.021296296296296296 0.011111111111111112
21 0.4439814814814815 0.5203703703703704 0.021296296296296296 0.02962962962962963
19 0.42268518518518516 0.5189814814814815 0.023148148148148147 0.030555555555555555
20 0.40046296296296297 0.5231481481481481 0.017592592592592594 0.024074074074074074
9 0.3699074074074074 0.5203703703703704 0.017592592592592594 0.03148148148148148
9 0.35324074074074074 0.5226851851851851 0.01574074074074074 0.032407407407407406
9 0.337037037037037 0.5226851851851851 0.016666666666666666 0.030555555555555555