16 0.5366766467065869 0.530688622754491 0.19011976047904192 0.09730538922155689
32 0.4902694610778443 0.49700598802395207 0.812874251497006 0.5479041916167665
32 0.9146706586826348 0.40793413173652693 0.17065868263473055 0.27395209580838326
32 0.07410179640718563 0.3248502994011976 0.13023952095808383 0.11976047904191617
18 0.6062874251497006 0.5464071856287425 0.020958083832335328 0.03592814371257485
37 0.5808383233532934 0.5479041916167665 0.029940119760479042 0.038922155688622756
17 0.5546407185628742 0.5471556886227545 0.019461077844311378 0.040419161676646706
3 0.5239520958083832 0.5449101796407185 0.017964071856287425 0.038922155688622756
3 0.5044910179640718 0.5456586826347305 0.017964071856287425 0.040419161676646706
3 0.48353293413173654 0.5434131736526946 0.020958083832335328 0.038922155688622756
3 0.4633233532934132 0.5426646706586826 0.019461077844311378 0.0374251497005988