16 0.5435185185185185 0.6314814814814815 0.15 0.06296296296296296
32 0.5532407407407407 0.46444444444444444 0.7953703703703704 0.4103703703703704
32 0.08703703703703704 0.3111111111111111 0.17222222222222222 0.15407407407407409
32 0.25555555555555554 0.23814814814814814 0.35 0.1562962962962963
32 0.5648148148148148 0.22925925925925925 0.16296296296296298 0.07333333333333333
32 0.9217592592592593 0.22074074074074074 0.13796296296296295 0.10074074074074074
16 0.4046296296296296 0.2833333333333333 0.03148148148148148 0.015555555555555555
16 0.5273148148148148 0.26407407407407407 0.025 0.00962962962962963
16 0.9115740740740741 0.25074074074074076 0.030555555555555555 0.011111111111111112
11 0.5995370370370371 0.6311111111111111 0.021296296296296296 0.023703703703703703
17 0.5782407407407407 0.6333333333333333 0.013888888888888888 0.022222222222222223
17 0.5578703703703703 0.6344444444444445 0.013888888888888888 0.022962962962962963
0 0.5074074074074074 0.6392592592592593 0.016666666666666666 0.025185185185185185