16 0.46620370370370373 0.6898148148148148 0.1361111111111111 0.06851851851851852
32 0.4703703703703704 0.6083333333333333 0.6370370370370371 0.49074074074074076
32 0.02175925925925926 0.4930555555555556 0.04351851851851852 0.058333333333333334
32 0.13518518518518519 0.49953703703703706 0.07592592592592592 0.06018518518518518
32 0.8361111111111111 0.5069444444444444 0.1037037037037037 0.07685185185185185
32 0.7421296296296296 0.4648148148148148 0.08981481481481482 0.08518518518518518
16 0.12083333333333333 0.5157407407407407 0.013888888888888888 0.007407407407407408
17 0.5171296296296296 0.6995370370370371 0.012037037037037037 0.026851851851851852
29 0.4976851851851852 0.7 0.012037037037037037 0.027777777777777776
18 0.4787037037037037 0.6990740740740741 0.014814814814814815 0.025925925925925925
0 0.45601851851851855 0.700925925925926 0.010185185185185186 0.02962962962962963
0 0.44212962962962965 0.7013888888888888 0.008333333333333333 0.026851851851851852
0 0.4273148148148148 0.700462962962963 0.008333333333333333 0.028703703703703703
0 0.41203703703703703 0.700925925925926 0.007407407407407408 0.027777777777777776