16 0.48194444444444445 0.7561065877128054 0.1935185185185185 0.08068097705403404
32 0.46574074074074073 0.5851221317542561 0.8611111111111112 0.44041450777202074
32 0.8236111111111111 0.4100666173205033 0.1824074074074074 0.1228719467061436
32 0.12407407407407407 0.3893412287194671 0.11666666666666667 0.07549962990377498
32 0.3138888888888889 0.3371576609918579 0.2351851851851852 0.05551443375277572
17 0.5574074074074075 0.768319763138416 0.020370370370370372 0.03256846780162842
13 0.5291666666666667 0.7701702442635086 0.025 0.025906735751295335
17 0.5018518518518519 0.768319763138416 0.020370370370370372 0.029607698001480384
2 0.4685185185185185 0.767579570688379 0.018518518518518517 0.037009622501850484
2 0.4486111111111111 0.7679496669133975 0.021296296296296296 0.033308660251665435
2 0.4273148148148148 0.7672094744633605 0.021296296296296296 0.03182827535159141
2 0.4041666666666667 0.7679496669133975 0.021296296296296296 0.033308660251665435