16 0.4527777777777778 0.6453703703703704 0.18333333333333332 0.09074074074074075
32 0.43333333333333335 0.44166666666666665 0.7814814814814814 0.6166666666666667
32 0.07175925925925926 0.2300925925925926 0.14351851851851852 0.14166666666666666
16 0.09305555555555556 0.25787037037037036 0.030555555555555555 0.01574074074074074
32 0.8398148148148148 0.20694444444444443 0.08703703703703704 0.05277777777777778
22 0.5236111111111111 0.6601851851851852 0.025 0.025925925925925925
18 0.4976851851851852 0.6592592592592592 0.021296296296296296 0.02962962962962963
24 0.47175925925925927 0.6611111111111111 0.023148148148148147 0.027777777777777776
5 0.4425925925925926 0.6611111111111111 0.018518518518518517 0.03518518518518519
5 0.42314814814814816 0.6606481481481481 0.018518518518518517 0.03611111111111111
5 0.4023148148148148 0.6625 0.019444444444444445 0.03611111111111111
5 0.38287037037037036 0.6625 0.019444444444444445 0.03611111111111111