16 0.7689814814814815 0.4363434492968172 0.0787037037037037 0.03626943005181347
16 0.5069444444444444 0.9026646928201333 0.10462962962962963 0.05699481865284974
32 0.5828703703703704 0.32605477424130275 0.6972222222222222 0.41080680977054035
32 0.13425925925925927 0.20281273131014063 0.26851851851851855 0.27239082161361955
32 0.35324074074074074 0.6646928201332346 0.7064814814814815 0.6143597335307179
17 0.7930555555555555 0.4407846039970392 0.008333333333333333 0.012583271650629163
13 0.7810185185185186 0.4407846039970392 0.012037037037037037 0.011102886750555145
8 0.7638888888888888 0.44004441154700225 0.007407407407407408 0.014063656550703183
8 0.7560185185185185 0.44041450777202074 0.008333333333333333 0.013323464100666173
8 0.7486111111111111 0.44041450777202074 0.008333333333333333 0.013323464100666173
8 0.7393518518518518 0.44152479644707626 0.008333333333333333 0.012583271650629163
29 0.5444444444444444 0.9052553663952627 0.005555555555555556 0.01776461880088823
18 0.5296296296296297 0.9071058475203553 0.012962962962962963 0.015544041450777202
29 0.5152777777777777 0.9093264248704663 0.006481481481481481 0.01998519615099926
9 0.49444444444444446 0.9104367135455218 0.012962962962962963 0.01776461880088823
9 0.48194444444444445 0.9115470022205774 0.010185185185185186 0.017024426350851222
9 0.47129629629629627 0.9126572908956329 0.011111111111111112 0.01776461880088823