16 0.40046296296296297 0.6754256106587713 0.11944444444444445 0.05107327905255366
32 0.42685185185185187 0.5847520355292376 0.6111111111111112 0.5048112509252406
32 0.06805555555555555 0.5529237601776462 0.1361111111111111 0.21021465581051074
32 0.019444444444444445 0.6210214655810511 0.03888888888888889 0.15988156920799407
32 0.7578703703703704 0.49777942264988895 0.10833333333333334 0.23464100666173204
32 0.9787037037037037 0.4774241302738712 0.04259259259259259 0.05181347150259067
32 0.8407407407407408 0.44189489267209475 0.046296296296296294 0.029607698001480384
32 0.9236111111111112 0.4585492227979275 0.028703703703703703 0.03923019985196151
32 0.9060185185185186 0.45225758697261287 0.017592592592592594 0.0458919319022946
32 0.8907407407407407 0.44337527757216877 0.024074074074074074 0.028127313101406367
11 0.4375 0.6820873427091043 0.01574074074074074 0.02146558105107328
17 0.4203703703703704 0.6824574389341229 0.012962962962962963 0.02072538860103627
4 0.39305555555555555 0.6824574389341229 0.012037037037037037 0.01776461880088823
4 0.38101851851851853 0.6824574389341229 0.013888888888888888 0.01776461880088823
4 0.36712962962962964 0.6813471502590673 0.010185185185185186 0.018504811250925242
4 0.3541666666666667 0.6820873427091043 0.012037037037037037 0.018504811250925242