16 0.8250825082508251 0.4552129221732746 0.0858085808580858 0.05873715124816446
16 0.20517051705170516 0.40308370044052866 0.09790979097909791 0.0631424375917768
32 0.7546754675467546 0.45301027900146845 0.46204620462046203 0.39794419970631423
32 0.25192519251925194 0.40822320117474303 0.4444444444444444 0.4669603524229075
19 0.24202420242024203 0.4118942731277533 0.013201320132013201 0.024963289280469897
15 0.22772277227722773 0.4118942731277533 0.011001100110011002 0.024963289280469897
19 0.21397139713971397 0.41262848751835535 0.014301430143014302 0.02643171806167401
8 0.19966996699669967 0.4118942731277533 0.009900990099009901 0.027900146842878122
8 0.18866886688668866 0.4104258443465492 0.009900990099009901 0.024963289280469897
8 0.17876787678767878 0.4118942731277533 0.009900990099009901 0.024963289280469897
8 0.16666666666666666 0.4104258443465492 0.009900990099009901 0.027900146842878122
31 0.856985698569857 0.4654919236417034 0.011001100110011002 0.020558002936857563
22 0.8454345434543454 0.4654919236417034 0.0121012101210121 0.020558002936857563
17 0.8327832783278328 0.4647577092511013 0.0088008800880088 0.024963289280469897
0 0.8135313531353136 0.46402349486049926 0.007700770077007701 0.02643171806167401
0 0.8063806380638063 0.4654919236417034 0.0088008800880088 0.02643171806167401
0 0.7953795379537953 0.4647577092511013 0.0088008800880088 0.024963289280469897