16 0.4273148148148148 0.4935185185185185 0.16203703703703703 0.07962962962962963
32 0.41944444444444445 0.5601851851851852 0.7685185185185185 0.65
32 0.8814814814814815 0.46064814814814814 0.19814814814814816 0.14907407407407408
16 0.8393518518518519 0.4550925925925926 0.04537037037037037 0.023148148148148147
22 0.49074074074074076 0.5087962962962963 0.022222222222222223 0.026851851851851852
25 0.4685185185185185 0.5078703703703704 0.024074074074074074 0.028703703703703703
12 0.4449074074074074 0.5078703703703704 0.021296296296296296 0.032407407407407406
9 0.4199074074074074 0.5078703703703704 0.017592592592592594 0.032407407407407406
9 0.4009259259259259 0.5074074074074074 0.016666666666666666 0.03148148148148148
9 0.3837962962962963 0.5078703703703704 0.017592592592592594 0.032407407407407406
9 0.36574074074074076 0.5078703703703704 0.018518518518518517 0.030555555555555555