16 0.5377492877492878 0.5 0.15242165242165243 0.07977207977207977
32 0.5299145299145299 0.551994301994302 0.698005698005698 0.5170940170940171
32 0.9330484330484331 0.4829059829059829 0.1339031339031339 0.06267806267806268
16 0.8725071225071225 0.495014245014245 0.009971509971509971 0.01566951566951567
17 0.5947293447293447 0.5113960113960114 0.01566951566951567 0.03133903133903134
22 0.5726495726495726 0.5121082621082621 0.02564102564102564 0.021367521367521368
29 0.5491452991452992 0.5085470085470085 0.01566951566951567 0.03418803418803419
0 0.5277777777777778 0.5085470085470085 0.009971509971509971 0.02849002849002849
0 0.5092592592592593 0.5092592592592593 0.01282051282051282 0.03561253561253561
0 0.4928774928774929 0.5064102564102564 0.011396011396011397 0.03561253561253561
0 0.47649572649572647 0.5078347578347578 0.01282051282051282 0.03276353276353276