16 0.4263888888888889 0.5735074626865672 0.1287037037037037 0.057462686567164176
32 0.43703703703703706 0.5574626865671641 0.6833333333333333 0.4388059701492537
32 0.04861111111111111 0.5108208955223881 0.09722222222222222 0.17313432835820897
32 0.9652777777777778 0.55 0.06944444444444445 0.25223880597014925
32 0.08518518518518518 0.38917910447761195 0.1648148148148148 0.10970149253731343
32 0.9537037037037037 0.37910447761194027 0.06851851851851852 0.12686567164179105
32 0.8597222222222223 0.35 0.05092592592592592 0.09701492537313433
32 0.7523148148148148 0.31865671641791044 0.11203703703703703 0.0626865671641791
32 0.21851851851851853 0.32425373134328356 0.23148148148148148 0.041044776119402986
32 0.4375 0.31977611940298506 0.1361111111111111 0.04253731343283582
32 0.6194444444444445 0.31828358208955226 0.053703703703703705 0.06343283582089553
32 0.8162037037037037 0.33917910447761196 0.030555555555555555 0.09925373134328358
16 0.7560185185185185 0.32798507462686566 0.025 0.009701492537313432
11 0.45740740740740743 0.5809701492537314 0.020370370370370372 0.02164179104477612
0 0.40324074074074073 0.5817164179104478 0.008333333333333333 0.023134328358208955
0 0.38842592592592595 0.582089552238806 0.008333333333333333 0.022388059701492536