16 0.26368876080691644 0.70234375 0.10230547550432277 0.1734375
32 0.4618155619596542 0.4609375 0.6801152737752162 0.828125
32 0.984149855907781 0.36640625 0.03170028818443804 0.2796875
32 0.9030979827089337 0.4328125 0.04971181556195965 0.090625
32 0.93335734870317 0.425 0.010806916426512969 0.053125
16 0.8998559077809798 0.4453125 0.011527377521613832 0.0125
20 0.3004322766570605 0.73671875 0.012968299711815562 0.0546875
11 0.28710374639769454 0.73203125 0.016570605187319884 0.0578125
23 0.2730547550432277 0.72421875 0.011527377521613832 0.0609375
3 0.2510806916426513 0.7203125 0.010806916426512969 0.05625
2 0.24027377521613832 0.71796875 0.012247838616714697 0.0578125
6 0.2298270893371758 0.7109375 0.011527377521613832 0.05625