16 0.4847457627118644 0.68125 0.2576271186440678 0.065625
32 0.49491525423728816 0.54609375 0.9559322033898305 0.3734375
32 0.9728813559322034 0.39296875 0.05423728813559322 0.0609375
32 0.9 0.378125 0.05084745762711865 0.01875
32 0.8593220338983051 0.3671875 0.03728813559322034 0.021875
19 0.5661016949152542 0.68984375 0.04067796610169491 0.0265625
29 0.5254237288135594 0.68828125 0.020338983050847456 0.0265625
0 0.4610169491525424 0.68828125 0.020338983050847456 0.0234375
3 0.43898305084745765 0.6875 0.023728813559322035 0.025
4 0.411864406779661 0.68828125 0.023728813559322035 0.0203125
3 0.38305084745762713 0.6859375 0.02711864406779661 0.025