16 0.5180555555555556 0.7072916666666667 0.2222222222222222 0.075
32 0.5236111111111111 0.4869791666666667 0.8361111111111111 0.584375
32 0.7791666666666667 0.2546875 0.1388888888888889 0.08854166666666667
32 0.8881944444444444 0.23333333333333334 0.12083333333333333 0.04583333333333333
16 0.79375 0.27395833333333336 0.029166666666666667 0.01875
29 0.6006944444444444 0.7197916666666667 0.015277777777777777 0.029166666666666667
19 0.5708333333333333 0.71875 0.03333333333333333 0.03125
37 0.5361111111111111 0.7208333333333333 0.027777777777777776 0.03125
2 0.5020833333333333 0.7182291666666667 0.020833333333333332 0.028125
9 0.48125 0.7208333333333333 0.02361111111111111 0.029166666666666667
3 0.4548611111111111 0.7213541666666666 0.02361111111111111 0.030208333333333334
6 0.42986111111111114 0.71875 0.02638888888888889 0.029166666666666667