16 0.45729166666666665 0.784375 0.2520833333333333 0.075
32 0.4739583333333333 0.5125 0.9229166666666667 0.73125
32 0.90625 0.26796875 0.1875 0.2734375
32 0.04791666666666667 0.184375 0.09583333333333334 0.10625
32 0.040625 0.33828125 0.06875 0.1484375
32 0.7625 0.13671875 0.21666666666666667 0.1109375
32 0.9302083333333333 0.11796875 0.13958333333333334 0.0484375
16 0.8052083333333333 0.17734375 0.027083333333333334 0.0140625
29 0.5541666666666667 0.79609375 0.016666666666666666 0.0328125
18 0.5197916666666667 0.79375 0.03125 0.028125
37 0.4822916666666667 0.79609375 0.035416666666666666 0.0296875
2 0.4427083333333333 0.79375 0.027083333333333334 0.03125
3 0.415625 0.79375 0.022916666666666665 0.028125
8 0.38958333333333334 0.7953125 0.025 0.028125
0 0.36041666666666666 0.796875 0.025 0.03125