16 0.3796875 0.6851585014409222 0.240625 0.05763688760806916
32 0.5078125 0.49027377521613835 0.984375 0.48631123919308356
32 0.878125 0.21109510086455333 0.125 0.05043227665706052
32 0.928125 0.18551873198847263 0.059375 0.026657060518731988
32 0.18203125 0.26404899135446686 0.0640625 0.015129682997118156
32 0.2296875 0.2561239193083574 0.06875 0.015129682997118156
19 0.46796875 0.6945244956772334 0.0359375 0.023054755043227664
17 0.43515625 0.6945244956772334 0.0234375 0.021613832853025938
22 0.4015625 0.6945244956772334 0.03125 0.01729106628242075
6 0.3609375 0.6934438040345822 0.021875 0.0223342939481268
9 0.3390625 0.6934438040345822 0.025 0.02089337175792507
3 0.315625 0.6934438040345822 0.021875 0.02089337175792507
1 0.290625 0.6934438040345822 0.021875 0.0223342939481268