16 0.38760806916426516 0.78671875 0.1729106628242075 0.2140625
32 0.4434438040345821 0.50625 0.611671469740634 0.98125
32 0.9211095100864554 0.43046875 0.09005763688760807 0.0890625
32 0.7514409221902018 0.4265625 0.03890489913544669 0.071875
32 0.7795389048991355 0.41796875 0.021613832853025938 0.0390625
32 0.8551873198847262 0.42734375 0.04899135446685879 0.0703125
32 0.7971902017291066 0.4109375 0.012247838616714697 0.03125
16 0.9402017291066282 0.43671875 0.01440922190201729 0.0140625
16 0.8645533141210374 0.421875 0.007204610951008645 0.00625
16 0.7507204610951008 0.44921875 0.007204610951008645 0.0078125
16 0.7831412103746398 0.41796875 0.004322766570605188 0.0046875
19 0.4506484149855908 0.82734375 0.0223342939481268 0.0859375
17 0.42687319884726227 0.821875 0.016570605187319884 0.075
22 0.40093659942363113 0.8203125 0.02521613832853026 0.05625
6 0.3728386167146974 0.8109375 0.02089337175792507 0.084375
9 0.35482708933717577 0.809375 0.013688760806916427 0.078125
3 0.3371757925072046 0.80859375 0.01585014409221902 0.0796875
1 0.3184438040345821 0.8046875 0.01585014409221902 0.090625