16 0.5442708333333334 0.5715277777777777 0.18854166666666666 0.12361111111111112
32 0.5354166666666667 0.45416666666666666 0.7395833333333334 0.7861111111111111
32 0.14947916666666666 0.10416666666666667 0.2989583333333333 0.20833333333333334
32 0.934375 0.04722222222222222 0.13125 0.09444444444444444
32 0.775 0.09722222222222222 0.12291666666666666 0.08611111111111111
32 0.8197916666666667 0.06319444444444444 0.08541666666666667 0.07361111111111111
32 0.6666666666666666 0.06666666666666667 0.08541666666666667 0.05555555555555555
16 0.8166666666666667 0.09930555555555555 0.0125 0.006944444444444444
16 0.8416666666666667 0.07152777777777777 0.010416666666666666 0.009722222222222222
37 0.615625 0.5895833333333333 0.025 0.05138888888888889
19 0.5890625 0.5902777777777778 0.026041666666666668 0.05
11 0.5614583333333333 0.5923611111111111 0.025 0.04861111111111111
1 0.5213541666666667 0.5909722222222222 0.015625 0.04861111111111111
6 0.49947916666666664 0.5902777777777778 0.021875 0.04722222222222222
9 0.48020833333333335 0.5944444444444444 0.020833333333333332 0.05