16 0.4083333333333333 0.53125 0.1375 0.09583333333333334
32 0.4328125 0.5354166666666667 0.5302083333333333 0.5541666666666667
32 0.875 0.4236111111111111 0.25 0.24444444444444444
32 0.2078125 0.3451388888888889 0.090625 0.0763888888888889
15 0.459375 0.5493055555555556 0.014583333333333334 0.034722222222222224
22 0.4401041666666667 0.5465277777777777 0.021875 0.03194444444444444
34 0.42083333333333334 0.5458333333333333 0.014583333333333334 0.027777777777777776
9 0.3984375 0.5451388888888888 0.013541666666666667 0.04027777777777778
1 0.3828125 0.54375 0.013541666666666667 0.04027777777777778
5 0.36875 0.5423611111111111 0.014583333333333334 0.04027777777777778
6 0.35260416666666666 0.5444444444444444 0.015625 0.03888888888888889
16 0.7984375 0.42083333333333334 0.034375 0.041666666666666664