16 0.5208333333333334 0.46458333333333335 0.18981481481481483 0.041666666666666664
32 0.5428240740740741 0.353125 0.7662037037037037 0.3125
32 0.0775462962962963 0.21302083333333333 0.13194444444444445 0.046875
32 0.28703703703703703 0.20416666666666666 0.06481481481481481 0.01875
16 0.046296296296296294 0.22239583333333332 0.018518518518518517 0.005208333333333333
23 0.5960648148148148 0.47291666666666665 0.02546296296296296 0.016666666666666666
34 0.5682870370370371 0.4734375 0.020833333333333332 0.013541666666666667
25 0.5393518518518519 0.4734375 0.027777777777777776 0.013541666666666667
4 0.4965277777777778 0.471875 0.020833333333333332 0.0125
8 0.47800925925925924 0.47239583333333335 0.020833333333333332 0.015625
1 0.45601851851851855 0.4708333333333333 0.023148148148148147 0.016666666666666666