16 0.5222222222222223 0.44895833333333335 0.1388888888888889 0.05625
32 0.5243055555555556 0.44375 0.5375 0.32708333333333334
32 0.8958333333333334 0.3796875 0.20833333333333334 0.159375
32 0.2652777777777778 0.275 0.08611111111111111 0.07291666666666667
32 0.06111111111111111 0.3963541666666667 0.12222222222222222 0.28020833333333334
32 0.36527777777777776 0.26666666666666666 0.03333333333333333 0.025
32 0.3333333333333333 0.25885416666666666 0.030555555555555555 0.023958333333333335
32 0.58125 0.2640625 0.07916666666666666 0.019791666666666666
19 0.5756944444444444 0.4588541666666667 0.020833333333333332 0.023958333333333335
20 0.5541666666666667 0.459375 0.016666666666666666 0.016666666666666666
13 0.5354166666666667 0.459375 0.018055555555555554 0.016666666666666666
4 0.5048611111111111 0.4578125 0.015277777777777777 0.015625
1 0.49027777777777776 0.45625 0.011111111111111112 0.022916666666666665
6 0.47430555555555554 0.4557291666666667 0.015277777777777777 0.021875