16 0.5005208333333333 0.8354166666666667 0.17395833333333333 0.12083333333333333
32 0.4953125 0.47847222222222224 0.740625 0.9569444444444445
32 0.05677083333333333 0.20625 0.11145833333333334 0.3375
16 0.09010416666666667 0.3229166666666667 0.021875 0.04027777777777778
12 0.5677083333333334 0.8506944444444444 0.025 0.04861111111111111
31 0.5421875 0.85625 0.021875 0.04583333333333333
34 0.5161458333333333 0.8520833333333333 0.015625 0.034722222222222224
4 0.4895833333333333 0.8520833333333333 0.020833333333333332 0.0375
2 0.46979166666666666 0.8520833333333333 0.020833333333333332 0.04861111111111111
8 0.45 0.8506944444444444 0.016666666666666666 0.04861111111111111
3 0.42916666666666664 0.8506944444444444 0.016666666666666666 0.04861111111111111