16 0.49930555555555556 0.5546875 0.14583333333333334 0.053125
32 0.5270833333333333 0.47552083333333334 0.6152777777777778 0.5072916666666667
32 0.15763888888888888 0.3453125 0.16527777777777777 0.06145833333333333
32 0.027777777777777776 0.36875 0.05555555555555555 0.03958333333333333
12 0.5527777777777778 0.5635416666666667 0.019444444444444445 0.016666666666666666
31 0.5305555555555556 0.5651041666666666 0.016666666666666666 0.013541666666666667
34 0.5125 0.5635416666666667 0.013888888888888888 0.016666666666666666
4 0.4909722222222222 0.5640625 0.0125 0.013541666666666667
2 0.47638888888888886 0.5614583333333333 0.013888888888888888 0.01875
8 0.4576388888888889 0.5604166666666667 0.015277777777777777 0.016666666666666666
3 0.44513888888888886 0.5604166666666667 0.015277777777777777 0.01875