16 0.5188022284122563 0.6755208333333333 0.1573816155988858 0.06145833333333333
32 0.5292479108635098 0.58125 0.6629526462395543 0.36666666666666664
32 0.9811977715877437 0.559375 0.037604456824512536 0.12083333333333333
32 0.8057103064066853 0.45729166666666665 0.07938718662952646 0.027083333333333334
29 0.5759052924791086 0.684375 0.01532033426183844 0.027083333333333334
34 0.5564066852367688 0.6848958333333334 0.018105849582172703 0.021875
11 0.532033426183844 0.6848958333333334 0.019498607242339833 0.026041666666666668
1 0.5083565459610028 0.6838541666666667 0.016713091922005572 0.026041666666666668
4 0.49025069637883006 0.6848958333333334 0.016713091922005572 0.021875
9 0.4735376044568245 0.6848958333333334 0.016713091922005572 0.023958333333333335
6 0.4561281337047354 0.684375 0.018105849582172703 0.027083333333333334