16 0.5048611111111111 0.5442708333333334 0.2152777777777778 0.07395833333333333
32 0.5097222222222222 0.4822916666666667 0.9138888888888889 0.5479166666666667
32 0.03125 0.16510416666666666 0.05416666666666667 0.03229166666666667
32 0.4736111111111111 0.18333333333333332 0.04722222222222222 0.03125
32 0.7298611111111111 0.20052083333333334 0.10972222222222222 0.07395833333333333
31 0.5895833333333333 0.5578125 0.029166666666666667 0.026041666666666668
17 0.5583333333333333 0.5520833333333334 0.019444444444444445 0.029166666666666667
23 0.5270833333333333 0.5536458333333333 0.02361111111111111 0.030208333333333334
6 0.4909722222222222 0.5505208333333333 0.020833333333333332 0.028125
3 0.4666666666666667 0.553125 0.016666666666666666 0.029166666666666667
1 0.4423611111111111 0.5510416666666667 0.018055555555555554 0.03125
4 0.4173611111111111 0.5546875 0.020833333333333332 0.028125