16 0.4652777777777778 0.6177083333333333 0.2111111111111111 0.08333333333333333
32 0.5013888888888889 0.5625 0.8138888888888889 0.5375
32 0.11736111111111111 0.32135416666666666 0.23472222222222222 0.11770833333333333
32 0.30486111111111114 0.28541666666666665 0.11527777777777778 0.04375
16 0.27708333333333335 0.2875 0.015277777777777777 0.008333333333333333
29 0.5423611111111111 0.6317708333333333 0.018055555555555554 0.03854166666666667
13 0.5125 0.6333333333333333 0.027777777777777776 0.025
21 0.4826388888888889 0.63125 0.029166666666666667 0.025
6 0.4486111111111111 0.6270833333333333 0.025 0.03125
9 0.42569444444444443 0.6255208333333333 0.02361111111111111 0.03229166666666667
4 0.40347222222222223 0.6244791666666667 0.018055555555555554 0.028125
8 0.38055555555555554 0.625 0.025 0.03125