16 0.8005208333333333 0.6161458333333333 0.140625 0.08854166666666667
32 0.5760416666666667 0.49270833333333336 0.7979166666666667 0.5520833333333334
32 0.046875 0.36041666666666666 0.09166666666666666 0.10833333333333334
32 0.15364583333333334 0.3515625 0.04479166666666667 0.04479166666666667
16 0.034895833333333334 0.3859375 0.028125 0.015625
32 0.953125 0.39791666666666664 0.09375 0.029166666666666667
15 0.85 0.6229166666666667 0.014583333333333334 0.03125
22 0.8317708333333333 0.6260416666666667 0.017708333333333333 0.027083333333333334
15 0.8119791666666667 0.6270833333333333 0.015625 0.03333333333333333
3 0.7807291666666667 0.63125 0.015625 0.03333333333333333
4 0.7671875 0.6317708333333333 0.013541666666666667 0.026041666666666668
2 0.753125 0.6317708333333333 0.016666666666666666 0.030208333333333334