16 0.3546875 0.7509259259259259 0.11770833333333333 0.1388888888888889
32 0.484375 0.5037037037037037 0.6166666666666667 0.8407407407407408
12 0.384375 0.7722222222222223 0.01875 0.040740740740740744
11 0.36822916666666666 0.7703703703703704 0.015625 0.04814814814814815
4 0.3421875 0.7666666666666667 0.011458333333333333 0.044444444444444446
8 0.33125 0.7592592592592593 0.010416666666666666 0.05555555555555555
2 0.321875 0.7564814814814815 0.0125 0.053703703703703705
3 0.30885416666666665 0.7518518518518519 0.011458333333333333 0.04814814814814815
32 0.9901041666666667 0.10277777777777777 0.019791666666666666 0.13518518518518519
32 0.9567708333333333 0.12314814814814815 0.04479166666666667 0.053703703703703705
32 0.7651041666666667 0.14907407407407408 0.030208333333333334 0.09444444444444444
32 0.7895833333333333 0.14166666666666666 0.022916666666666665 0.07222222222222222
32 0.8057291666666667 0.10740740740740741 0.028125 0.0962962962962963
32 0.8536458333333333 0.11944444444444445 0.017708333333333333 0.027777777777777776
32 0.8270833333333333 0.12314814814814815 0.014583333333333334 0.03518518518518519