16 0.49166666666666664 0.8364583333333333 0.21944444444444444 0.07083333333333333
32 0.48333333333333334 0.6135416666666667 0.7777777777777778 0.5520833333333334
32 0.05 0.4479166666666667 0.1 0.19166666666666668
32 0.13680555555555557 0.3421875 0.27361111111111114 0.08854166666666667
32 0.7604166666666666 0.33541666666666664 0.08194444444444444 0.04791666666666667
32 0.6604166666666667 0.334375 0.059722222222222225 0.0375
29 0.5736111111111111 0.8494791666666667 0.013888888888888888 0.034375
13 0.5416666666666666 0.8505208333333333 0.030555555555555555 0.021875
21 0.5111111111111111 0.8510416666666667 0.030555555555555555 0.025
6 0.47638888888888886 0.846875 0.022222222222222223 0.03125
9 0.4527777777777778 0.8479166666666667 0.022222222222222223 0.029166666666666667
4 0.42777777777777776 0.8473958333333333 0.025 0.019791666666666666
8 0.40208333333333335 0.85 0.020833333333333332 0.029166666666666667