16 0.5208333333333334 0.6135416666666667 0.20555555555555555 0.07708333333333334
32 0.5166666666666667 0.396875 0.8777777777777778 0.6145833333333334
32 0.1763888888888889 0.128125 0.16111111111111112 0.06458333333333334
32 0.05763888888888889 0.12760416666666666 0.11527777777777778 0.071875
32 0.8409722222222222 0.13020833333333334 0.14027777777777778 0.075
21 0.6 0.6276041666666666 0.027777777777777776 0.023958333333333335
20 0.5701388888888889 0.6265625 0.020833333333333332 0.023958333333333335
11 0.5402777777777777 0.6255208333333333 0.027777777777777776 0.03229166666666667
4 0.49583333333333335 0.6255208333333333 0.025 0.026041666666666668
3 0.4722222222222222 0.6244791666666667 0.025 0.03229166666666667
0 0.4479166666666667 0.625 0.018055555555555554 0.035416666666666666