16 0.5055555555555555 0.7770833333333333 0.2361111111111111 0.07708333333333334
32 0.4847222222222222 0.5375 0.8694444444444445 0.6166666666666667
32 0.06458333333333334 0.2375 0.10138888888888889 0.03958333333333333
32 0.13333333333333333 0.23541666666666666 0.09166666666666666 0.041666666666666664
32 0.7402777777777778 0.2234375 0.075 0.046875
32 0.20902777777777778 0.2296875 0.020833333333333332 0.021875
32 0.2465277777777778 0.23177083333333334 0.0375 0.023958333333333335
32 0.2777777777777778 0.22864583333333333 0.025 0.017708333333333333
16 0.10138888888888889 0.2552083333333333 0.013888888888888888 0.00625
16 0.7472222222222222 0.23229166666666667 0.016666666666666666 0.008333333333333333
32 0.6958333333333333 0.24583333333333332 0.06111111111111111 0.027083333333333334
12 0.5965277777777778 0.7859375 0.03194444444444444 0.030208333333333334
24 0.5625 0.7885416666666667 0.027777777777777776 0.022916666666666665
12 0.5284722222222222 0.7854166666666667 0.03194444444444444 0.027083333333333334
1 0.4777777777777778 0.7880208333333333 0.025 0.030208333333333334
6 0.4513888888888889 0.7885416666666667 0.022222222222222223 0.029166666666666667
5 0.425 0.7885416666666667 0.022222222222222223 0.029166666666666667