16 0.5427083333333333 0.541782729805014 0.12083333333333333 0.08356545961002786
29 0.5895833333333333 0.552924791086351 0.0125 0.036211699164345405
34 0.5703125 0.5571030640668524 0.015625 0.03064066852367688
11 0.5536458333333333 0.5557103064066853 0.015625 0.036211699164345405
1 0.5348958333333333 0.5543175487465181 0.015625 0.036211699164345405
4 0.5213541666666667 0.5550139275766016 0.011458333333333333 0.03203342618384401
9 0.5083333333333333 0.5536211699164345 0.014583333333333334 0.0403899721448468
6 0.4942708333333333 0.5557103064066853 0.011458333333333333 0.03899721448467967
32 0.54375 0.5494428969359332 0.475 0.47493036211699163
32 0.8859375 0.45403899721448465 0.228125 0.34540389972144847
32 0.23385416666666667 0.39902506963788303 0.19270833333333334 0.17688022284122562
32 0.09427083333333333 0.4582172701949861 0.18854166666666666 0.35376044568245124
32 0.3494791666666667 0.34052924791086353 0.053125 0.04596100278551532