16 0.5083333333333333 0.6413043478260869 0.10625 0.08528428093645485
32 0.5020833333333333 0.4782608695652174 0.43333333333333335 0.568561872909699
32 0.16822916666666668 0.3403010033444816 0.057291666666666664 0.03511705685618729
32 0.23125 0.338628762541806 0.035416666666666666 0.038461538461538464
32 0.0453125 0.3177257525083612 0.017708333333333333 0.013377926421404682
32 0.06614583333333333 0.3168896321070234 0.021875 0.01839464882943144
19 0.5416666666666666 0.6546822742474916 0.014583333333333334 0.03511705685618729
12 0.5265625 0.653010033444816 0.017708333333333333 0.03177257525083612
3 0.5015625 0.6555183946488294 0.011458333333333333 0.038461538461538464
6 0.490625 0.6521739130434783 0.0125 0.033444816053511704
5 0.4786458333333333 0.6521739130434783 0.011458333333333333 0.033444816053511704
9 0.4666666666666667 0.6538461538461539 0.0125 0.033444816053511704