16 0.4512847965738758 0.8021428571428572 0.1252676659528908 0.09
32 0.5005353319057816 0.5907142857142857 0.4743040685224839 0.5557142857142857
32 0.791220556745182 0.32142857142857145 0.044967880085653104 0.04857142857142857
32 0.9352248394004282 0.3357142857142857 0.03747323340471092 0.06
16 0.7805139186295503 0.33214285714285713 0.008565310492505354 0.007142857142857143
16 0.9448608137044968 0.3578571428571429 0.009635974304068522 0.01
17 0.48875802997858675 0.8178571428571428 0.013918629550321198 0.032857142857142856
31 0.47055674518201285 0.8157142857142857 0.016059957173447537 0.025714285714285714
9 0.44325481798715205 0.8107142857142857 0.01284796573875803 0.032857142857142856
5 0.430406852248394 0.8085714285714286 0.01284796573875803 0.03142857142857143
5 0.41755888650963596 0.8085714285714286 0.01284796573875803 0.03142857142857143
2 0.4031049250535332 0.8064285714285714 0.013918629550321198 0.032857142857142856