16 0.4954954954954955 0.4197916666666667 0.21171171171171171 0.05625
32 0.4954954954954955 0.37552083333333336 0.9324324324324325 0.35104166666666664
32 0.9099099099099099 0.24479166666666666 0.18018018018018017 0.08333333333333333
32 0.8006756756756757 0.23125 0.07882882882882883 0.04791666666666667
32 0.7702702702702703 0.19739583333333333 0.11261261261261261 0.03229166666666667
32 0.597972972972973 0.18645833333333334 0.15090090090090091 0.029166666666666667
19 0.5765765765765766 0.42916666666666664 0.03153153153153153 0.022916666666666665
37 0.5484234234234234 0.42864583333333334 0.02927927927927928 0.026041666666666668
31 0.5157657657657657 0.43072916666666666 0.03153153153153153 0.017708333333333333
2 0.4797297297297297 0.42916666666666664 0.02252252252252252 0.022916666666666665
3 0.4594594594594595 0.4296875 0.02252252252252252 0.019791666666666666
9 0.4380630630630631 0.4296875 0.024774774774774775 0.021875
4 0.41216216216216217 0.42916666666666664 0.02252252252252252 0.016666666666666666