16 0.47239583333333335 0.4786036036036036 0.13645833333333332 0.1463963963963964
32 0.471875 0.4594594594594595 0.5479166666666667 0.8738738738738738
32 0.21979166666666666 0.12725225225225226 0.11666666666666667 0.17792792792792791
32 0.0859375 0.125 0.153125 0.18693693693693694
32 0.7885416666666667 0.16554054054054054 0.12291666666666666 0.18693693693693694
32 0.9005208333333333 0.1373873873873874 0.13020833333333334 0.14414414414414414
32 0.6765625 0.14301801801801803 0.071875 0.15990990990990991
16 0.8098958333333334 0.21509009009009009 0.021875 0.02027027027027027
16 0.196875 0.1768018018018018 0.020833333333333332 0.024774774774774775
16 0.05520833333333333 0.10923423423423423 0.022916666666666665 0.02927927927927928
22 0.5276041666666667 0.509009009009009 0.019791666666666666 0.04954954954954955
20 0.5067708333333333 0.5056306306306306 0.017708333333333333 0.0472972972972973
13 0.48541666666666666 0.5067567567567568 0.01875 0.05405405405405406
8 0.4552083333333333 0.5 0.014583333333333334 0.06756756756756757
6 0.4401041666666667 0.49774774774774777 0.015625 0.06306306306306306
2 0.4244791666666667 0.4988738738738739 0.015625 0.06531531531531531