16 0.47291666666666665 0.8340277777777778 0.225 0.13194444444444445
32 0.47291666666666665 0.5145833333333333 0.7666666666666667 0.9013888888888889
32 0.0515625 0.2298611111111111 0.103125 0.22083333333333333
32 0.9046875 0.1701388888888889 0.190625 0.1986111111111111
16 0.8666666666666667 0.1840277777777778 0.03125 0.02361111111111111
29 0.5578125 0.8583333333333333 0.011458333333333333 0.05277777777777778
22 0.5255208333333333 0.8569444444444444 0.030208333333333334 0.041666666666666664
37 0.49270833333333336 0.8576388888888888 0.029166666666666667 0.05138888888888889
5 0.4546875 0.8583333333333333 0.023958333333333335 0.05277777777777778
9 0.43333333333333335 0.8590277777777777 0.022916666666666665 0.05138888888888889
8 0.4088541666666667 0.8604166666666667 0.021875 0.05138888888888889
8 0.384375 0.8631944444444445 0.027083333333333334 0.05138888888888889