16 0.5096359743040685 0.48385416666666664 0.20556745182012848 0.051041666666666666
32 0.5171306209850107 0.4583333333333333 0.8501070663811563 0.3145833333333333
22 0.5899357601713062 0.49322916666666666 0.027837259100642397 0.015625
31 0.5578158458244111 0.49375 0.032119914346895075 0.01875
11 0.5278372591006424 0.49270833333333336 0.027837259100642397 0.020833333333333332
4 0.49571734475374735 0.49114583333333334 0.023554603854389723 0.015625
1 0.4732334047109208 0.4921875 0.02569593147751606 0.023958333333333335
5 0.45074946466809424 0.49166666666666664 0.019271948608137045 0.022916666666666665
2 0.4271948608137045 0.4921875 0.023554603854389723 0.021875
32 0.17880085653104924 0.303125 0.06209850107066381 0.020833333333333332
16 0.16916488222698073 0.3015625 0.01284796573875803 0.003125