16 0.5151041666666667 0.7951388888888888 0.171875 0.1125
32 0.5348958333333333 0.5916666666666667 0.7177083333333333 0.7666666666666667
32 0.18125 0.2604166666666667 0.15416666666666667 0.06527777777777778
32 0.05 0.2638888888888889 0.09375 0.08888888888888889
22 0.5786458333333333 0.8069444444444445 0.021875 0.030555555555555555
15 0.5546875 0.8041666666666667 0.021875 0.041666666666666664
34 0.53125 0.8090277777777778 0.016666666666666666 0.029166666666666667
9 0.5036458333333333 0.8104166666666667 0.017708333333333333 0.043055555555555555
8 0.4859375 0.8111111111111111 0.017708333333333333 0.03888888888888889
6 0.465625 0.8125 0.01875 0.041666666666666664
4 0.4484375 0.8159722222222222 0.015625 0.0375