16 0.5131944444444444 0.603125 0.1736111111111111 0.07083333333333333
32 0.4986111111111111 0.5322916666666667 0.6861111111111111 0.45625
32 0.1 0.396875 0.2 0.25625
32 0.725 0.315625 0.37777777777777777 0.08958333333333333
32 0.3638888888888889 0.28958333333333336 0.24444444444444444 0.05
29 0.5798611111111112 0.6114583333333333 0.0125 0.027083333333333334
22 0.5555555555555556 0.6125 0.027777777777777776 0.022916666666666665
13 0.5326388888888889 0.6145833333333334 0.02361111111111111 0.020833333333333332
1 0.49236111111111114 0.6140625 0.018055555555555554 0.028125
2 0.4722222222222222 0.6145833333333334 0.022222222222222223 0.029166666666666667
6 0.45208333333333334 0.6130208333333333 0.020833333333333332 0.028125