16 0.38177083333333334 0.6166666666666667 0.134375 0.08125
32 0.50625 0.48125 0.6375 0.49166666666666664
32 0.9447916666666667 0.3151041666666667 0.07083333333333333 0.04895833333333333
32 0.9026041666666667 0.29739583333333336 0.034375 0.051041666666666666
16 0.8989583333333333 0.315625 0.008333333333333333 0.00625
16 0.9520833333333333 0.3265625 0.0125 0.005208333333333333
15 0.4317708333333333 0.63125 0.017708333333333333 0.029166666666666667
22 0.4119791666666667 0.6307291666666667 0.019791666666666666 0.019791666666666666
15 0.39375 0.6276041666666666 0.014583333333333334 0.026041666666666668
3 0.3645833333333333 0.6255208333333333 0.014583333333333334 0.030208333333333334
4 0.35052083333333334 0.6255208333333333 0.013541666666666667 0.019791666666666666
2 0.33541666666666664 0.6213541666666667 0.016666666666666666 0.030208333333333334