16 0.5048611111111111 0.7088541666666667 0.16805555555555557 0.06770833333333333
32 0.5083333333333333 0.6244791666666667 0.6722222222222223 0.446875
15 0.5597222222222222 0.7197916666666667 0.025 0.03125
19 0.5305555555555556 0.7197916666666667 0.027777777777777776 0.029166666666666667
9 0.4930555555555556 0.7208333333333333 0.016666666666666666 0.029166666666666667
6 0.47638888888888886 0.7192708333333333 0.016666666666666666 0.03229166666666667
9 0.45694444444444443 0.7208333333333333 0.016666666666666666 0.027083333333333334
5 0.4388888888888889 0.7182291666666667 0.022222222222222223 0.030208333333333334
32 0.07291666666666667 0.5505208333333333 0.14583333333333334 0.09895833333333333
32 0.10347222222222222 0.5083333333333333 0.20416666666666666 0.08333333333333333
32 0.19236111111111112 0.4984375 0.14583333333333334 0.06979166666666667
32 0.9597222222222223 0.4895833333333333 0.08055555555555556 0.04583333333333333
32 0.9020833333333333 0.484375 0.04583333333333333 0.041666666666666664
32 0.8055555555555556 0.484375 0.14722222222222223 0.04583333333333333
16 0.9361111111111111 0.4921875 0.013888888888888888 0.007291666666666667