16 0.5756944444444444 0.6963541666666667 0.13472222222222222 0.057291666666666664
32 0.5256944444444445 0.553125 0.5736111111111111 0.4083333333333333
32 0.9076388888888889 0.39114583333333336 0.18472222222222223 0.08645833333333333
32 0.13125 0.30833333333333335 0.13472222222222222 0.052083333333333336
32 0.04027777777777778 0.3328125 0.08055555555555556 0.10104166666666667
32 0.19652777777777777 0.3932291666666667 0.12638888888888888 0.11770833333333333
20 0.6201388888888889 0.7036458333333333 0.015277777777777777 0.019791666666666666
37 0.5986111111111111 0.7020833333333333 0.022222222222222223 0.022916666666666665
0 0.5659722222222222 0.7015625 0.0125 0.023958333333333335
3 0.5520833333333334 0.703125 0.018055555555555554 0.022916666666666665
0 0.5354166666666667 0.7036458333333333 0.009722222222222222 0.026041666666666668
5 0.5208333333333334 0.7026041666666667 0.016666666666666666 0.026041666666666668
16 0.8541666666666666 0.39375 0.019444444444444445 0.0125
16 0.016666666666666666 0.3578125 0.030555555555555555 0.013541666666666667