16 0.49099099099099097 0.5473958333333333 0.21621621621621623 0.051041666666666666
32 0.4954954954954955 0.40625 0.8918918918918919 0.375
32 0.1463963963963964 0.20833333333333334 0.18018018018018017 0.0875
32 0.6644144144144144 0.215625 0.13513513513513514 0.041666666666666664
32 0.4009009009009009 0.18229166666666666 0.19369369369369369 0.07083333333333333
32 0.9774774774774775 0.28229166666666666 0.04504504504504504 0.0875
16 0.11824324324324324 0.23697916666666666 0.038288288288288286 0.007291666666666667
19 0.5754504504504504 0.5552083333333333 0.02927927927927928 0.01875
37 0.543918918918919 0.55625 0.02927927927927928 0.016666666666666666
31 0.5146396396396397 0.5578125 0.02927927927927928 0.015625
2 0.4786036036036036 0.5572916666666666 0.02027027027027027 0.016666666666666666
3 0.4560810810810811 0.55625 0.02027027027027027 0.01875
9 0.4313063063063063 0.5572916666666666 0.024774774774774775 0.016666666666666666
4 0.4099099099099099 0.5572916666666666 0.018018018018018018 0.014583333333333334