16 0.4027777777777778 0.5411458333333333 0.16666666666666666 0.078125
32 0.4930555555555556 0.3723958333333333 0.7111111111111111 0.515625
32 0.9569444444444445 0.221875 0.08611111111111111 0.09791666666666667
32 0.9034722222222222 0.20677083333333332 0.07083333333333333 0.08229166666666667
32 0.8416666666666667 0.19166666666666668 0.06111111111111111 0.05416666666666667
17 0.46319444444444446 0.5583333333333333 0.015277777777777777 0.022916666666666665
18 0.4409722222222222 0.5557291666666667 0.018055555555555554 0.019791666666666666
22 0.41944444444444445 0.5541666666666667 0.019444444444444445 0.016666666666666666
6 0.38680555555555557 0.5473958333333333 0.015277777777777777 0.023958333333333335
5 0.3715277777777778 0.5463541666666667 0.015277777777777777 0.023958333333333335
0 0.35347222222222224 0.54375 0.0125 0.022916666666666665