16 0.5380208333333333 0.7098501070663812 0.096875 0.12205567451820129
32 0.5776041666666667 0.493576017130621 0.4510416666666667 0.8115631691648822
32 0.8567708333333334 0.12955032119914348 0.051041666666666666 0.0835117773019272
32 0.8036458333333333 0.11027837259100642 0.053125 0.044967880085653104
32 0.759375 0.10492505353319058 0.03125 0.03854389721627409
32 0.9390625 0.12312633832976445 0.034375 0.07066381156316917
32 0.9770833333333333 0.12955032119914348 0.04583333333333333 0.08779443254817987
16 0.8604166666666667 0.12312633832976445 0.014583333333333334 0.010706638115631691
16 0.9427083333333334 0.12312633832976445 0.0125 0.010706638115631691
17 0.5651041666666666 0.728051391862955 0.009375 0.034261241970021415
37 0.5526041666666667 0.7259100642398287 0.013541666666666667 0.03854389721627409
6 0.5291666666666667 0.7194860813704497 0.010416666666666666 0.034261241970021415
4 0.5192708333333333 0.7194860813704497 0.009375 0.034261241970021415
3 0.5098958333333333 0.7173447537473233 0.009375 0.03854389721627409
0 0.5010416666666667 0.7141327623126338 0.008333333333333333 0.03640256959314775