16 0.5298611111111111 0.7958333333333333 0.13472222222222222 0.04583333333333333
32 0.5208333333333334 0.6489583333333333 0.6027777777777777 0.4375
15 0.5722222222222222 0.8010416666666667 0.016666666666666666 0.020833333333333332
19 0.5527777777777778 0.8005208333333333 0.022222222222222223 0.021875
9 0.5208333333333334 0.8015625 0.013888888888888888 0.021875
6 0.50625 0.8010416666666667 0.015277777777777777 0.020833333333333332
9 0.49166666666666664 0.8015625 0.013888888888888888 0.021875
5 0.47708333333333336 0.8010416666666667 0.015277777777777777 0.020833333333333332
32 0.8888888888888888 0.5822916666666667 0.2222222222222222 0.15416666666666667
32 0.8340277777777778 0.53125 0.1625 0.041666666666666664
32 0.7784722222222222 0.5213541666666667 0.08194444444444444 0.023958333333333335
32 0.029166666666666667 0.5375 0.058333333333333334 0.06458333333333334
32 0.07777777777777778 0.5291666666666667 0.14444444444444443 0.075
32 0.16805555555555557 0.5359375 0.04722222222222222 0.042708333333333334
32 0.1763888888888889 0.5255208333333333 0.08055555555555556 0.040625
32 0.22152777777777777 0.5260416666666666 0.05694444444444444 0.0375
32 0.2548611111111111 0.5229166666666667 0.05138888888888889 0.03125
32 0.2791666666666667 0.5151041666666667 0.03611111111111111 0.017708333333333333