16 0.49375 0.6296875 0.1763888888888889 0.06354166666666666
32 0.8576388888888888 0.2557291666666667 0.1597222222222222 0.065625
32 0.6458333333333334 0.22447916666666667 0.05277777777777778 0.028125
32 0.9638888888888889 0.22916666666666666 0.07222222222222222 0.03125
32 0.9069444444444444 0.2265625 0.030555555555555555 0.015625
16 0.9923611111111111 0.23645833333333333 0.009722222222222222 0.004166666666666667
16 0.9111111111111111 0.2265625 0.008333333333333333 0.003125
16 0.9027777777777778 0.26666666666666666 0.025 0.008333333333333333
32 0.7222222222222222 0.22083333333333333 0.030555555555555555 0.016666666666666666
32 0.7486111111111111 0.22239583333333332 0.019444444444444445 0.013541666666666667
32 0.7694444444444445 0.2234375 0.022222222222222223 0.013541666666666667
32 0.7861111111111111 0.23385416666666667 0.025 0.03229166666666667
32 0.6916666666666667 0.221875 0.016666666666666666 0.0125
32 0.09583333333333334 0.334375 0.19166666666666668 0.22291666666666668
32 0.25833333333333336 0.24791666666666667 0.125 0.08333333333333333
19 0.5611111111111111 0.6395833333333333 0.025 0.029166666666666667
25 0.5368055555555555 0.6401041666666667 0.02638888888888889 0.023958333333333335
24 0.5097222222222222 0.640625 0.025 0.020833333333333332
3 0.48125 0.6416666666666667 0.018055555555555554 0.029166666666666667
6 0.46041666666666664 0.640625 0.018055555555555554 0.022916666666666665
1 0.44166666666666665 0.6411458333333333 0.019444444444444445 0.026041666666666668
5 0.42430555555555555 0.6411458333333333 0.020833333333333332 0.026041666666666668