16 0.2853566958698373 0.5752256770310933 0.10262828535669587 0.04312938816449348
16 0.2978723404255319 0.7703109327983951 0.10262828535669587 0.04212637913741224
32 0.40550688360450565 0.5506519558676028 0.6157697121401752 0.2226680040120361
32 0.4355444305381727 0.6670010030090271 0.7459324155193993 0.36710130391173523
18 0.32227784730913644 0.5797392176529589 0.01376720901126408 0.01805416248746239
22 0.3078848560700876 0.5812437311935807 0.017521902377972465 0.013039117352056168
20 0.29474342928660824 0.5817452357071213 0.01376720901126408 0.012036108324974924
0 0.2615769712140175 0.5807422266800402 0.010012515644555695 0.0160481444332999
19 0.3341677096370463 0.7768304914744233 0.012515644555694618 0.01905717151454363
31 0.32040050062578224 0.779839518555667 0.012515644555694618 0.013039117352056168
25 0.30663329161451813 0.7778335005015045 0.012515644555694618 0.013039117352056168
6 0.28660826032540676 0.775827482447342 0.012515644555694618 0.017051153460381142
9 0.27471839799749687 0.7748244734202607 0.011264080100125156 0.017051153460381142
3 0.26533166458072593 0.7753259779338014 0.010012515644555695 0.01805416248746239