16 0.5353333333333333 0.5578291814946619 0.14 0.09786476868327403
32 0.538 0.5080071174377224 0.5613333333333334 0.5213523131672598
32 0.172 0.37455516014234874 0.23733333333333334 0.22953736654804271
32 0.7826666666666666 0.3416370106761566 0.144 0.1601423487544484
32 0.9326666666666666 0.3291814946619217 0.13466666666666666 0.12455516014234876
16 0.14666666666666667 0.38701067615658363 0.056 0.04448398576512456
16 0.7873333333333333 0.3603202846975089 0.030666666666666665 0.023131672597864767
16 0.9813333333333333 0.33451957295373663 0.02666666666666667 0.02491103202846975
17 0.588 0.5729537366548043 0.016 0.03558718861209965
13 0.57 0.5756227758007118 0.017333333333333333 0.030249110320284697
20 0.5493333333333333 0.5738434163701067 0.018666666666666668 0.030249110320284697
4 0.528 0.5729537366548043 0.013333333333333334 0.028469750889679714
4 0.5126666666666667 0.5711743772241993 0.012 0.03558718861209965
4 0.49733333333333335 0.5711743772241993 0.013333333333333334 0.03202846975088968
4 0.4826666666666667 0.5729537366548043 0.013333333333333334 0.03202846975088968