16 0.5212962962962963 0.7520833333333333 0.22037037037037038 0.15694444444444444
32 0.512962962962963 0.4479166666666667 0.8296296296296296 0.8652777777777778
32 0.9018518518518519 0.10902777777777778 0.1648148148148148 0.19027777777777777
16 0.8916666666666667 0.15138888888888888 0.046296296296296294 0.044444444444444446
26 0.6101851851851852 0.76875 0.025925925925925925 0.0763888888888889
25 0.5745370370370371 0.7784722222222222 0.032407407407407406 0.059722222222222225
18 0.5435185185185185 0.775 0.024074074074074074 0.06388888888888888
4 0.5069444444444444 0.7756944444444445 0.023148148148148147 0.059722222222222225
4 0.4828703703703704 0.7736111111111111 0.021296296296296296 0.06111111111111111
4 0.45694444444444443 0.7743055555555556 0.023148148148148147 0.0625
4 0.43194444444444446 0.7743055555555556 0.021296296296296296 0.0625