16 0.77001953125 0.5117647058823529 0.0908203125 0.058823529411764705
16 0.19384765625 0.6287581699346405 0.0908203125 0.06535947712418301
32 0.76416015625 0.5705882352941176 0.4287109375 0.44575163398692813
32 0.23193359375 0.5830065359477125 0.4423828125 0.4
31 0.796875 0.5241830065359477 0.013671875 0.018300653594771243
17 0.78515625 0.5228758169934641 0.0078125 0.02091503267973856
0 0.76318359375 0.5209150326797386 0.0068359375 0.022222222222222223
0 0.75341796875 0.5196078431372549 0.0068359375 0.022222222222222223
0 0.744140625 0.5209150326797386 0.005859375 0.022222222222222223
0 0.73486328125 0.5209150326797386 0.0068359375 0.02483660130718954
31 0.22119140625 0.6385620915032679 0.0146484375 0.022222222222222223
17 0.20654296875 0.6379084967320261 0.0107421875 0.023529411764705882
5 0.1875 0.6352941176470588 0.009765625 0.026143790849673203
5 0.17626953125 0.6352941176470588 0.0087890625 0.026143790849673203
5 0.16845703125 0.6352941176470588 0.0087890625 0.026143790849673203
5 0.15771484375 0.6352941176470588 0.0087890625 0.026143790849673203