16 0.5046875 0.5736111111111111 0.18020833333333333 0.11944444444444445
32 0.5432291666666667 0.5173611111111112 0.7947916666666667 0.6708333333333333
32 0.0625 0.3701388888888889 0.09791666666666667 0.1486111111111111
32 0.1546875 0.40625 0.065625 0.07916666666666666
16 0.049479166666666664 0.425 0.015625 0.008333333333333333
22 0.5734375 0.5930555555555556 0.026041666666666668 0.03888888888888889
37 0.5463541666666667 0.5881944444444445 0.028125 0.05138888888888889
37 0.5203125 0.5895833333333333 0.026041666666666668 0.05138888888888889
4 0.4921875 0.5951388888888889 0.019791666666666666 0.04027777777777778
4 0.47291666666666665 0.5930555555555556 0.016666666666666666 0.03888888888888889
4 0.453125 0.59375 0.01875 0.0375
4 0.4317708333333333 0.5951388888888889 0.019791666666666666 0.0375