16 0.46510416666666665 0.4675925925925926 0.11979166666666667 0.10185185185185185
32 0.6083333333333333 0.49444444444444446 0.7083333333333334 0.7592592592592593
29 0.4921875 0.4824074074074074 0.015625 0.05
0 0.4359375 0.48148148148148145 0.019791666666666666 0.05185185185185185
32 0.11302083333333333 0.49907407407407406 0.22604166666666667 0.75
32 0.3026041666666667 0.24444444444444444 0.08229166666666667 0.16296296296296298
32 0.21770833333333334 0.262037037037037 0.08958333333333333 0.12037037037037036
32 0.3671875 0.23425925925925925 0.057291666666666664 0.11666666666666667
32 0.15989583333333332 0.27037037037037037 0.06979166666666667 0.15185185185185185
16 0.3046875 0.24351851851851852 0.019791666666666666 0.016666666666666666
16 0.18958333333333333 0.2851851851851852 0.014583333333333334 0.018518518518518517