16 0.4930555555555556 0.6661458333333333 0.19444444444444445 0.065625
32 0.5388888888888889 0.4635416666666667 0.8 0.5479166666666667
32 0.8979166666666667 0.2796875 0.20416666666666666 0.17395833333333333
32 0.24097222222222223 0.2791666666666667 0.16527777777777777 0.10625
16 0.19236111111111112 0.3182291666666667 0.020833333333333332 0.015625
31 0.5701388888888889 0.6807291666666667 0.02638888888888889 0.021875
25 0.5416666666666666 0.6791666666666667 0.025 0.022916666666666665
31 0.5111111111111111 0.6807291666666667 0.025 0.019791666666666666
0 0.4673611111111111 0.6776041666666667 0.015277777777777777 0.026041666666666668
1 0.4486111111111111 0.6765625 0.022222222222222223 0.028125
2 0.4263888888888889 0.6770833333333334 0.022222222222222223 0.029166666666666667