16 0.4739583333333333 0.5708333333333333 0.16875 0.1111111111111111
32 0.49114583333333334 0.4736111111111111 0.6677083333333333 0.5
32 0.10989583333333333 0.30277777777777776 0.21979166666666666 0.49166666666666664
32 0.8041666666666667 0.38333333333333336 0.2125 0.25555555555555554
32 0.9411458333333333 0.5173611111111112 0.11770833333333333 0.20416666666666666
16 0.1078125 0.41597222222222224 0.065625 0.05694444444444444
16 0.8015625 0.4076388888888889 0.057291666666666664 0.04027777777777778
22 0.5411458333333333 0.5881944444444445 0.021875 0.0375
11 0.5130208333333334 0.5888888888888889 0.021875 0.04722222222222222
34 0.490625 0.5895833333333333 0.01875 0.034722222222222224
8 0.45364583333333336 0.5868055555555556 0.015625 0.04583333333333333
8 0.43385416666666665 0.5875 0.017708333333333333 0.044444444444444446
8 0.41510416666666666 0.5875 0.019791666666666666 0.041666666666666664