16 0.5848958333333333 0.181640625 0.06875 0.03203125
16 0.1140625 0.164453125 0.06666666666666667 0.021875
6 0.09010416666666667 0.16953125 0.008333333333333333 0.00703125
0 0.09791666666666667 0.16953125 0.007291666666666667 0.0109375
1 0.10416666666666667 0.16875 0.007291666666666667 0.0109375
0 0.1109375 0.168359375 0.00625 0.009375
18 0.12708333333333333 0.168359375 0.007291666666666667 0.00859375
21 0.1359375 0.168359375 0.009375 0.00703125
2 0.5541666666666667 0.188671875 0.008333333333333333 0.0140625
0 0.5619791666666667 0.188671875 0.00625 0.0125
1 0.5692708333333333 0.18671875 0.004166666666666667 0.0125
5 0.5760416666666667 0.187109375 0.00625 0.01171875
21 0.5958333333333333 0.187109375 0.0125 0.009375
21 0.6072916666666667 0.185546875 0.010416666666666666 0.00859375